[0.0
 3029161.8
 3.5342124E7
 1.1798444E8
 2.1755448E8
 3.01298016E8
 3.69310272E8
 4.35968512E8
 5.10316256E8
 5.90456E8
 6.6909619E8
 7.4058694E8
 8.0318541E8
 8.5780518E8
 9.0628224E8
 9.5035494E8
 9.9131872E8
 1.03001216E9
 1.0669305E9
 1.10234573E9
 1.13639245E9
 1.16914688E9
 1.20065395E9
 1.23095898E9
 1.2601385E9
 1.28828352E9
 1.31553062E9
 1.34203584E9
 1.36797747E9
 1.39354829E9
 1.41893862E9
 1.44432589E9
 1.46986598E9
 1.49567718E9
 1.52183539E9
 1.5483689E9
 1.57526592E9
 1.60247232E9
 1.62990016E9
 1.6574281E9
 1.68491827E9
 1.71220941E9
 1.73912179E9
 1.7654711E9
 1.79106304E9
 1.81571635E9
 1.8392512E9
 1.86150554E9
 1.88234266E9
 1.9016471E9
 1.91934234E9
 1.93538317E9
 1.9497623E9
 1.96251418E9
 1.97370394E9
 1.98344038E9
 1.99186112E9
 1.99912781E9
 2.00542336E9
 2.01095245E9
 2.01592192E9
 2.02054605E9
 2.02503309E9
 2.02959334E9
 2.03442112E9
 2.0396969E9
 2.0455872E9
 2.05223552E9
 2.05976013E9
 2.06824627E9
 2.07774643E9
 2.08826112E9
 2.09973043E9
 2.11204045E9
 2.12500211E9
 2.13834381E9
 2.15172941E9
 2.16474317E9
 2.17691699E9
 2.18772557E9
 2.19662925E9
 2.20306637E9
 2.20649498E9
 2.20640384E9
 2.2023424E9
 2.19392128E9
 2.18084301E9
 2.16291123E9
 2.14005491E9
 2.11232179E9
 2.07993229E9
 2.04328166E9
 2.0030048E9
 1.96004915E9
 1.91578573E9
 1.8721568E9
 1.83176947E9
 1.79762394E9
 1.77214899E9
 1.75611149E9
 1.7484553E9
 1.74714202E9
 1.75002125E9
 1.75526746E9
 1.76141926E9
 1.76727181E9
 1.77180685E9
 1.77427776E9
 1.77437952E9
 1.77224678E9
 1.76832077E9
 1.76318131E9
 1.75737613E9
 1.75122394E9
 1.74466829E9
 1.7372343E9
 1.7281312E9
 1.7164704E9
 1.70150106E9
 1.68278848E9
 1.66030643E9
 1.63444813E9
 1.6059808E9
 1.57595379E9
 1.54551642E9
 1.51568704E9
 1.48712192E9
 1.46006976E9
 1.4344585E9
 1.41002982E9
 1.38647962E9
 1.36360282E9
 1.34134195E9
 1.31978227E9
 1.29917094E9
 1.27986253E9
 1.26226995E9
 1.24683021E9
 1.23395379E9
 1.22395251E9
 1.21696166E9
 1.21292557E9
 1.2116407E9
 1.21285722E9
 1.2163392E9
 1.22188109E9
 1.22928154E9
 1.23830182E9
 1.24868621E9
 1.26025434E9
 1.27300122E9
 1.28714394E9
 1.3030839E9
 1.32109286E9
 1.34070938E9
 1.36069965E9
 1.3802153E9
 1.39993178E9
 1.42171955E9
 1.44458995E9
 1.46823501E9
 1.49176026E9
 1.51308621E9
 1.53120218E9
 1.54630989E9
 1.55892467E9
 1.56948403E9
 1.5783104E9
 1.58566912E9
 1.591808E9
 1.59699776E9
 1.60155277E9
 1.60573914E9
 1.6097961E9
 1.61412851E9
 1.61936794E9
 1.62616397E9
 1.63494784E9
 1.64604224E9
 1.65954522E9
 1.67501504E9
 1.69168179E9
 1.70897613E9
 1.72654208E9
 1.74392755E9
 1.76048282E9
 1.77554586E9
 1.78867443E9
 1.79963738E9
 1.80824269E9
 1.81417907E9
 1.81711091E9
 1.81684429E9
 1.81343488E9
 1.80710182E9
 1.79811507E9
 1.78671437E9
 1.77309709E9
 1.75742118E9
 1.73983667E9
 1.72049754E9
 1.69962266E9
 1.67751104E9
 1.6545303E9
 1.63115008E9
 1.60774682E9
 1.58435878E9
 1.56115712E9
 1.5397047E9
 1.52004634E9
 1.50256205E9
 1.48780122E9
 1.4755177E9
 1.46527974E9
 1.45666035E9
 1.44915814E9
 1.44232986E9
 1.43609075E9
 1.43068109E9
 1.42618573E9
 1.42286477E9
 1.42032832E9
 1.41800499E9
 1.41539827E9
 1.41204736E9
 1.40826266E9
 1.4044329E9
 1.40084672E9
 1.39758566E9
 1.39456858E9
 1.39167411E9
 1.38886771E9
 1.38625613E9
 1.38409728E9
 1.38276749E9
 1.38284109E9
 1.38546522E9
 1.39174387E9
 1.40044467E9
 1.40949478E9
 1.41835597E9
 1.42750989E9
 1.43746893E9
 1.44814067E9
 1.45902899E9
 1.46972544E9
 1.47987635E9
 1.48894272E9
 1.4962665E9
 1.50130995E9
 1.50378381E9
 1.5035671E9
 1.50065933E9
 1.49517491E9
 1.4873943E9
 1.47773466E9
 1.46651302E9
 1.45397363E9
 1.44044813E9
 1.42629171E9
 1.41184115E9
 1.39744333E9
 1.38345126E9
 1.3702272E9
 1.3581111E9
 1.34732186E9
 1.33769203E9
 1.32865203E9
 1.31982298E9
 1.31127923E9
 1.30340966E9
 1.29678592E9
 1.29207552E9
 1.28993485E9
 1.29073946E9
 1.29421914E9
 1.29960141E9
 1.30599731E9
 1.31263232E9
 1.31889267E9
 1.32439091E9
 1.32932902E9
 1.33447232E9
 1.33839578E9
 1.33908352E9
 1.3365888E9
 1.3320471E9
 1.32677939E9
 1.32214118E9
 1.32001997E9
 1.32151117E9
 1.32522829E9
 1.32889446E9
 1.33241536E9
 1.33487296E9
 1.33569203E9
 1.33555008E9
 1.33538163E9
 1.33605005E9
 1.33788838E9
 1.3405335E9
 1.34367923E9
 1.34712026E9
 1.35064947E9
 1.35399642E9
 1.35677427E9
 1.35852608E9
 1.35883507E9
 1.35741133E9
 1.35416102E9
 1.34918771E9
 1.34277248E9
 1.33527411E9
 1.32708147E9
 1.31869568E9
 1.31076826E9
 1.30403174E9
 1.29917466E9
 1.29681728E9
 1.29735629E9
 1.30073152E9
 1.30661261E9
 1.31324838E9
 1.31862669E9
 1.32174528E9
 1.32252365E9
 1.32137382E9
 1.31887232E9
 1.31546432E9
 1.31137562E9
 1.30677222E9
 1.30182605E9
 1.29660198E9
 1.29099008E9
 1.28475981E9
 1.27764659E9
 1.2694135E9
 1.25989978E9
 1.24906304E9
 1.23696269E9
 1.22370688E9
 1.20943091E9
 1.19435648E9
 1.17881907E9
 1.16322355E9
 1.14796736E9
 1.13337165E9
 1.11968205E9
 1.10714202E9
 1.09597773E9
 1.08637888E9
 1.07852045E9
 1.07254605E9
 1.0686169E9
 1.06682835E9
 1.06703315E9
 1.06894048E9
 1.07232006E9
 1.07694938E9
 1.08246912E9
 1.0883488E9
 1.09402266E9
 1.09912768E9
 1.10351603E9
 1.1069824E9
 1.10935885E9
 1.1106345E9
 1.11096576E9
 1.11060749E9
 1.10977856E9
 1.10862771E9
 1.10727168E9
 1.10576589E9
 1.10411738E9
 1.10234342E9
 1.10050995E9
 1.09873792E9
 1.0970647E9
 1.09536806E9
 1.09365773E9
 1.09204045E9
 1.09050022E9
 1.0890345E9
 1.08776704E9
 1.08660314E9
 1.08519757E9
 1.08329779E9
 1.08072896E9
 1.0772247E9
 1.07268192E9
 1.06730682E9
 1.06145754E9
 1.05547149E9
 1.04961286E9
 1.04411462E9
 1.03919642E9
 1.0350151E9
 1.03168806E9
 1.0294016E9
 1.02842419E9
 1.02902381E9
 1.03130886E9
 1.03508589E9
 1.0399808E9
 1.04563354E9
 1.05169075E9
 1.05783155E9
 1.06388211E9
 1.06976538E9
 1.07537779E9
 1.08055603E9
 1.08509542E9
 1.08878336E9
 1.0914249E9
 1.09290906E9
 1.09321421E9
 1.09239296E9
 1.09057126E9
 1.08789568E9
 1.08452454E9
 1.08062746E9
 1.07639386E9
 1.0720425E9
 1.06781274E9
 1.06395514E9
 1.06072883E9
 1.05832006E9
 1.05673094E9
 1.05600435E9
 1.05630944E9
 1.05773747E9
 1.06011443E9
 1.06315629E9
 1.06670067E9
 1.07067699E9
 1.07499712E9
 1.07947661E9
 1.08384896E9
 1.08786099E9
 1.09133683E9
 1.09418099E9
 1.09635725E9
 1.09786675E9
 1.09871987E9
 1.09889485E9
 1.09836813E9
 1.09713459E9
 1.09520269E9
 1.09257382E9
 1.08920794E9
 1.08503629E9
 1.08003507E9
 1.07433331E9
 1.06825971E9
 1.06230067E9
 1.0568176E9
 1.05165056E9
 1.04647718E9
 1.04114707E9
 1.03568237E9
 1.03010739E9
 1.02441722E9
 1.01866662E9
 1.0129721E9
 1.00744915E9
 1.00219757E9
 9.9731194E8
 9.928601E8
 9.8890835E8
 9.8553805E8
 9.8283008E8
 9.8081421E8
 9.7943917E8
 9.7860384E8
 9.7818451E8
 9.7806618E8
 9.7817773E8
 9.7847322E8
 9.7889875E8
 9.7939213E8
 9.7993114E8
 9.8056922E8
 9.8134093E8
 9.8212333E8
 9.8269133E8
 9.8287949E8
 9.8262906E8
 9.8196832E8
 9.8100435E8
 9.7985139E8
 9.7859482E8
 9.7740563E8
 9.7629357E8
 9.7516621E8
 9.7410829E8
 9.7334502E8
 9.7320934E8
 9.7391136E8
 9.7533197E8
 9.7706035E8
 9.7856506E8
 9.795127E8
 9.7987309E8
 9.7990938E8
 9.797616E8
 9.7936499E8
 9.7862182E8
 9.7746016E8
 9.7581792E8
 9.7347386E8
 9.7053011E8
 9.6716531E8
 9.634617E8
 9.5944339E8
 9.5515942E8
 9.5070419E8
 9.4615629E8
 9.4153555E8
 9.3693331E8
 9.3250029E8
 9.2835904E8
 9.2454176E8
 9.2102419E8
 9.1778701E8
 9.1486726E8
 9.1232435E8
 9.1014195E8
 9.0831469E8
 9.0688173E8
 9.0581702E8
 9.0505389E8
 9.045513E8
 9.0431456E8
 9.0449389E8
 9.0527059E8
 9.064183E8
 9.0773318E8
 9.091927E8
 9.1078726E8
 9.1251437E8
 9.1441568E8
 9.1640762E8
 9.1822931E8
 9.1965824E8
 9.2059373E8
 9.2100115E8
 9.2087808E8
 9.202407E8
 9.1907258E8
 9.1736256E8
 9.1519552E8
 9.1274522E8
 9.1020614E8
 9.0760979E8
 9.0491014E8
 9.0217773E8
 8.9960186E8
 8.97424E8
 8.9586605E8
 8.9517773E8
 8.9552864E8
 8.9676762E8
 8.9854106E8
 9.0058528E8
 9.0273722E8
 9.0483398E8
 9.0662765E8
 9.079079E8
 9.0858189E8
 9.0870374E8
 9.0844397E8
 9.0803149E8
 9.0766861E8
 9.074032E8
 9.0715526E8
 9.0678074E8
 9.0608902E8
 9.0492032E8
 9.0321632E8
 9.0102477E8
 8.9844736E8
 8.9553594E8
 8.9232909E8
 8.889152E8
 8.8546029E8
 8.8217395E8
 8.7924909E8
 8.7684294E8
 8.7509184E8
 8.7410387E8
 8.7390067E8
 8.7438848E8
 8.7537037E8
 8.7660243E8
 8.7784192E8
 8.7884019E8
 8.7942054E8
 8.7952947E8
 8.7918893E8
 8.7848358E8
 8.7755802E8
 8.7661338E8
 8.7589344E8
 8.7559008E8
 8.7574458E8
 8.7636506E8
 8.7748666E8
 8.7913133E8
 8.8127469E8
 8.8387725E8
 8.8695987E8
 8.9047731E8
 8.9418701E8
 8.9780218E8
 9.010361E8
 9.0368992E8
 9.057001E8
 9.0711386E8
 9.0807462E8
 9.0874138E8
 9.0922989E8
 9.0962176E8
 9.0994586E8
 9.1019072E8
 9.1034374E8
 9.1044013E8
 9.1056346E8
 9.1082624E8
 9.1135008E8
 9.1225414E8
 9.136649E8
 9.1568045E8
 9.182455E8
 9.2111232E8
 9.2407981E8
 9.2715603E8
 9.3043578E8
 9.3390374E8
 9.3739654E8
 9.4055008E8
 9.4300051E8
 9.4458925E8
 9.4513664E8
 9.4455648E8
 9.4300134E8
 9.4072237E8
 9.3788883E8
 9.3461837E8
 9.3114746E8
 9.2783565E8
 9.2501843E8
 9.2283302E8
 9.2119437E8
 9.1999475E8
 9.1916877E8
 9.1862298E8
 9.182761E8
 9.1815181E8
 9.1830963E8
 9.1877056E8
 9.1942989E8
 9.2003437E8
 9.2036013E8
 9.2032467E8
 9.1994029E8
 9.1921498E8
 9.1815411E8
 9.1680077E8
 9.1527994E8
 9.1374899E8
 9.1232435E8
 9.11072E8
 9.1006003E8
 9.0936288E8
 9.0904525E8
 9.0907635E8
 9.0934035E8
 9.097049E8
 9.1005101E8
 9.1029728E8
 9.1041837E8
 9.1039565E8
 9.1029933E8
 9.1035603E8
 9.1080902E8
 9.1176506E8
 9.1318765E8
 9.1496883E8
 9.1697165E8
 9.1899149E8
 9.2078899E8
 9.2224051E8
 9.233161E8
 9.2398278E8
 9.2427014E8
 9.2433574E8
 9.2438714E8
 9.2459456E8
 9.2503174E8
 9.256761E8
 9.2646483E8
 9.2734125E8
 9.2826669E8
 9.2927315E8
 9.3045088E8
 9.3182976E8
 9.3330458E8
 9.3469805E8
 9.3585741E8
 9.3665152E8
 9.3692634E8
 9.3658067E8
 9.3558765E8
 9.3406854E8
 9.3219155E8
 9.2984467E8
 9.2704205E8
 9.2388909E8
 9.2057626E8
 9.1742272E8
 9.1471238E8
 9.1214669E8
 9.0910131E8
 9.0519597E8
 9.003561E8
 8.9471923E8
 8.8853062E8
 8.8212768E8
 8.7588838E8
 8.7007392E8
 8.6480499E8
 8.6020947E8
 8.564857E8
 8.5374976E8
 8.5198016E8
 8.5111955E8
 8.5106874E8
 8.5171757E8
 8.5304774E8
 8.5511232E8
 8.5756915E8
 8.6012301E8
 8.625895E8
 8.6486778E8
 8.6691974E8
 8.6873818E8
 8.7029754E8
 8.7147616E8
 8.7204525E8
 8.7178074E8
 8.7057427E8
 8.6845274E8
 8.6554643E8
 8.6203942E8
 8.5814515E8
 8.5406848E8
 8.499705E8
 8.4597978E8
 8.4218586E8
 8.3863936E8
 8.3534144E8
 8.3229587E8
 8.2954451E8
 8.271767E8
 8.2530611E8
 8.2404416E8
 8.2344269E8
 8.2346752E8
 8.2400928E8
 8.2490829E8
 8.2598995E8
 8.2713146E8
 8.2827194E8
 8.2936947E8
 8.3040115E8
 8.314313E8
 8.3263501E8
 8.3419482E8
 8.362905E8
 8.3907514E8
 8.4257408E8
 8.4664826E8
 8.5107898E8
 8.5566835E8
 8.6029978E8
 8.6487699E8
 8.6921459E8
 8.7308947E8
 8.7639462E8
 8.7917389E8
 8.815815E8
 8.8369536E8
 8.8543571E8
 8.8671341E8
 8.8751149E8
 8.8789837E8
 8.8801267E8
 8.8802061E8
 8.8809126E8
 8.8837152E8
 8.8895757E8
 8.898855E8
 8.9111782E8
 8.925543E8
 8.9407066E8
 8.955776E8
 8.9701619E8
 8.9837395E8
 8.9968755E8
 9.0101299E8
 9.0239488E8
 9.0388768E8
 9.0554861E8
 9.0742246E8
 9.0947296E8
 9.1153882E8
 9.1342963E8
 9.1503053E8
 9.162752E8
 9.1713658E8
 9.1763834E8
 9.1784E8
 9.1781338E8
 9.1759482E8
 9.1718157E8
 9.1659405E8
 9.1583686E8
 9.1486438E8
 9.1366918E8
 9.123872E8
 9.1124845E8
 9.1043731E8
 9.1003898E8
 9.101319E8
 9.1078202E8
 9.1200314E8
 9.1372198E8
 9.1577472E8
 9.1796685E8
 9.2014477E8
 9.2220384E8
 9.2405638E8
 9.2562854E8
 9.2688064E8
 9.2782381E8
 9.2849421E8
 9.2895866E8
 9.2937069E8
 9.2996557E8
 9.3094022E8
 9.3229741E8
 9.3394035E8
 9.3577984E8
 9.3771264E8
 9.3959309E8
 9.4125395E8
 9.4253882E8
 9.4330592E8
 9.4343795E8
 9.428665E8
 9.4159168E8
 9.3968166E8
 9.3724205E8
 9.3440602E8
 9.3133894E8
 9.2822394E8
 9.2524538E8
 9.2254189E8
 9.2019123E8
 9.1824442E8
 9.1678522E8
 9.1581446E8
 9.1522464E8
 9.1487981E8
 9.1473581E8
 9.1479398E8
 9.1491642E8
 9.1490534E8
 9.14648E8
 9.1415648E8
 9.1349037E8
 9.1255059E8
 9.1131398E8
 9.099216E8
 9.084704E8
 9.0707923E8
 9.0589786E8
 9.0509069E8
 9.0463238E8
 9.0433344E8
 9.0409978E8
 9.0395814E8
 9.0389178E8
 9.0380493E8
 9.037136E8
 9.0387834E8
 9.0437261E8
 9.0503744E8
 9.057344E8
 9.0636275E8
 9.0683002E8
 9.0707891E8
 9.0713542E8
 9.0704685E8
 9.068279E8
 9.0647834E8
 9.0599187E8
 9.0538963E8
 9.047353E8
 9.04072E8
 9.0339738E8
 9.0262042E8
 9.0164378E8
 9.0049107E8
 8.9920755E8
 8.9783245E8
 8.9649402E8
 8.9537357E8
 8.9465389E8
 8.9440019E8
 8.9442272E8
 8.9451514E8
 8.9456896E8
 8.9452454E8
 8.94352E8
 8.9408634E8
 8.936816E8
 8.9295091E8
 8.916976E8
 8.8981658E8
 8.873264E8
 8.8436173E8
 8.8114874E8
 8.7795002E8
 8.750393E8
 8.7268646E8
 8.7094432E8
 8.696496E8
 8.6865645E8
 8.6792506E8
 8.6755488E8
 8.676745E8
 8.6832608E8
 8.694167E8
 8.7078022E8
 8.7228742E8
 8.7389888E8
 8.7572723E8
 8.7810874E8
 8.8146163E8
 8.8578086E8
 8.9090022E8
 8.9647462E8
 9.0215987E8
 9.0778624E8
 9.1336518E8
 9.1901702E8
 9.2489907E8
 9.3115078E8
 9.378249E8
 9.4479629E8
 9.517552E8
 9.5834656E8
 9.643225E8
 9.6960262E8
 9.7426003E8
 9.7844845E8
 9.8223648E8
 9.8559776E8
 9.8850957E8
 9.9098208E8
 9.9304787E8
 9.9470989E8
 9.9594419E8
 9.9670509E8
 9.9692954E8
 9.9659462E8
 9.9571174E8
 9.9438624E8
 9.926304E8
 9.9031098E8
 9.8750278E8
 9.844009E8
 9.8122573E8
 9.7817958E8
 9.7543795E8
 9.7306413E8
 9.7098304E8
 9.6908883E8
 9.6731238E8
 9.6560115E8
 9.6384211E8
 9.6190822E8
 9.5970368E8
 9.5717997E8
 9.5437466E8
 9.5141472E8
 9.4841677E8
 9.4539053E8
 9.423264E8
 9.3926099E8
 9.3626227E8
 9.3339693E8
 9.3073024E8
 9.2830522E8
 9.2613926E8
 9.2424691E8
 9.2262592E8
 9.2121267E8
 9.1991821E8
 9.1867373E8
 9.1743667E8
 9.1619091E8
 9.1493024E8
 9.1360736E8
 9.1212262E8
 9.1041267E8
 9.0849894E8
 9.0644922E8
 9.0435846E8
 9.0228102E8
 9.0021248E8
 8.9814304E8
 8.9608928E8
 8.941072E8
 8.9226214E8
 8.9057722E8
 8.8903078E8
 8.8759373E8
 8.8626995E8
 8.85072E8
 8.8399418E8
 8.8311142E8
 8.8255046E8
 8.823913E8
 8.8264666E8
 8.8333306E8
 8.8446502E8
 8.8604243E8
 8.8801984E8
 8.9023258E8
 8.9247078E8
 8.9465165E8
 8.9682784E8
 8.9908384E8
 9.0146266E8
 9.0391878E8
 9.0627373E8
 9.0828659E8
 9.097879E8
 9.1071808E8
 9.1107206E8
 9.1083814E8
 9.0999443E8
 9.0856166E8
 9.0662394E8
 9.0431437E8
 9.0177638E8
 8.991527E8
 8.9659827E8
 8.942329E8
 8.9209715E8
 8.9020941E8
 8.8863053E8
 8.8733638E8
 8.8621562E8
 8.8524352E8
 8.8447066E8
 8.8397293E8
 8.8385805E8
 8.8427968E8
 8.8536749E8
 8.8711187E8
 8.8934502E8
 8.9185286E8
 8.9443757E8
 8.9693139E8
 8.9921606E8
 9.0125363E8
 9.0310253E8
 9.04888E8
 9.0665658E8
 9.0830458E8
 9.0967194E8
 9.1065491E8
 9.1125011E8
 9.1152461E8
 9.1160301E8
 9.116391E8
 9.1164205E8
 9.113984E8
 9.1072467E8
 9.0957344E8
 9.0797472E8
 9.0598214E8
 9.0364173E8
 9.0097824E8
 8.9802259E8
 8.9480659E8
 8.9137613E8
 8.8780589E8
 8.8419206E8
 8.8063194E8
 8.7720077E8
 8.7393152E8
 8.7082368E8
 8.6786739E8
 8.650615E8
 8.6240256E8
 8.5988454E8
 8.5751117E8
 8.552144E8
 8.5289331E8
 8.5058035E8
 8.4850118E8
 8.4671757E8
 8.4506874E8
 8.4352806E8
 8.4220358E8
 8.4125094E8
 8.4078784E8
 8.4086643E8
 8.4139616E8
 8.422295E8
 8.4335942E8
 8.4483654E8
 8.4663258E8
 8.4866061E8
 8.5088813E8
 8.532697E8
 8.5576474E8
 8.583609E8
 8.6106355E8
 8.6395462E8
 8.671248E8
 8.7054374E8
 8.7407232E8
 8.775753E8
 8.8097466E8
 8.8422317E8
 8.8728749E8
 8.9011379E8
 8.9262662E8
 8.9480819E8
 8.9669722E8
 8.9834899E8
 8.996327E8
 9.0032365E8
 9.0046893E8
 9.0027322E8
 8.9995379E8
 8.996601E8
 8.994512E8
 8.9934925E8
 8.9935693E8
 8.9940934E8
 8.9939962E8
 8.9927155E8
 8.9904141E8
 8.9877965E8
 8.9859334E8
 8.9859488E8
 8.9889536E8
 8.9959738E8
 9.0074214E8
 9.0228237E8
 9.040768E8
 9.0591802E8
 9.0765178E8
 9.0926176E8
 9.1083162E8
 9.1231878E8
 9.136953E8
 9.150343E8
 9.164199E8
 9.1787962E8
 9.193431E8
 9.2066157E8
 9.2170022E8
 9.2239206E8
 9.2268979E8
 9.2255821E8
 9.2203955E8
 9.2117811E8
 9.2002707E8
 9.1868147E8
 9.1710227E8
 9.1524064E8
 9.1322848E8
 9.1130278E8
 9.0973997E8
 9.0876128E8
 9.0841421E8
 9.0868947E8
 9.0953952E8
 9.1087021E8
 9.1265114E8
 9.1483117E8
 9.1727974E8
 9.1984019E8
 9.2235552E8
 9.2463994E8
 9.2650662E8
 9.2782592E8
 9.2859539E8
 9.2889555E8
 9.2881101E8
 9.2838131E8
 9.2760378E8
 9.2647789E8
 9.250368E8
 9.2332544E8
 9.2138374E8
 9.192425E8
 9.169527E8
 9.1464211E8
 9.1249453E8
 9.1059808E8
 9.0896442E8
 9.0765357E8
 9.0682822E8
 9.0667456E8
 9.072441E8
 9.0845069E8
 9.1016403E8
 9.1224826E8
 9.1456493E8
 9.1700045E8
 9.1961715E8
 9.2252314E8
 9.2528826E8
 9.2783085E8
 9.3028698E8
 9.3265274E8
 9.3477779E8
 9.3662195E8
 9.382679E8
 9.3981914E8
 9.4135552E8
 9.4292045E8
 9.4448557E8
 9.4593331E8
 9.4713754E8
 9.4794656E8
 9.4812186E8
 9.4745632E8
 9.458464E8
 9.4329158E8
 9.398793E8
 9.3577562E8
 9.3117894E8
 9.2630931E8
 9.2134176E8
 9.1638758E8
 9.1156493E8
 9.0703494E8
 9.030055E8
 8.9968934E8
 8.9712518E8
 8.9524243E8
 8.9398234E8
 8.9330496E8
 8.9319802E8
 8.9358483E8
 8.9442086E8
 8.956999E8
 8.9736979E8
 8.9933754E8
 9.0153613E8
 9.0389568E8
 9.0622157E8
 9.0839904E8
 9.1046214E8
 9.123984E8
 9.1405024E8
 9.152743E8
 9.1600704E8
 9.1618906E8
 9.157481E8
 9.1462246E8
 9.1279302E8
 9.103033E8
 9.0726368E8
 9.0388704E8
 9.0033491E8
 8.9649024E8
 8.9228429E8
 8.8781933E8
 8.8329555E8
 8.7893594E8
 8.7495533E8
 8.7157421E8
 8.6909299E8
 8.6792858E8
 8.6810125E8
 8.6936659E8
 8.7145619E8
 8.7412134E8
 8.7714502E8
 8.8033427E8
 8.8357254E8
 8.8681018E8
 8.8999974E8
 8.9308525E8
 8.9601229E8
 8.987456E8
 9.0129382E8
 9.0368666E8
 9.0597376E8
 9.0818214E8
 9.1029715E8
 9.1233107E8
 9.1435533E8
 9.1645971E8
 9.1868954E8
 9.2085101E8
 9.2269702E8
 9.2414362E8
 9.252352E8
 9.2606214E8
 9.2672486E8
 9.2735334E8
 9.2810656E8
 9.2903078E8
 9.2991597E8
 9.3045894E8
 9.3044768E8
 9.2980346E8
 9.2853997E8
 9.2673453E8
 9.2452115E8
 9.2206592E8
 9.1954362E8
 9.1707469E8
 9.1471117E8
 9.1245939E8
 9.1033536E8
 9.0839181E8
 9.0672512E8
 9.0545523E8
 9.0466701E8
 9.0432454E8
 9.0430566E8
 9.045273E8
 9.0500358E8
 9.0586483E8
 9.0725312E8
 9.091897E8
 9.1166189E8
 9.146313E8
 9.1799046E8
 9.215831E8
 9.2528058E8
 9.2898221E8
 9.3252339E8
 9.3573146E8
 9.3851565E8
 9.4075283E8
 9.4227386E8
 9.4299834E8
 9.4295994E8
 9.4225645E8
 9.4099104E8
 9.3923008E8
 9.3699642E8
 9.3430662E8
 9.3119885E8
 9.2772109E8
 9.2391194E8
 9.198215E8
 9.1553158E8
 9.1117248E8
 9.0696051E8
 9.0306221E8
 8.994119E8
 8.9589933E8
 8.9257798E8
 8.8961222E8
 8.8701683E8
 8.8470394E8
 8.8262707E8
 8.8081286E8
 8.793271E8
 8.7820794E8
 8.7742054E8
 8.7692038E8
 8.7670899E8
 8.7672416E8
 8.7687558E8
 8.7716557E8
 8.776743E8
 8.7848915E8
 8.7966515E8
 8.8120096E8
 8.8303514E8
 8.8506566E8
 8.8716461E8
 8.8923136E8
 8.9120781E8
 8.9304858E8
 8.9475782E8
 8.9639674E8
 8.9802413E8
 8.9968723E8
 9.0141376E8
 9.0321722E8
 9.0511757E8
 9.0719078E8
 9.0951974E8
 9.1211507E8
 9.1494406E8
 9.1799296E8
 9.2127059E8
 9.247655E8
 9.284055E8
 9.3205248E8
 9.3557805E8
 9.3896832E8
 9.4232288E8
 9.4567354E8
 9.4890995E8
 9.5186144E8
 9.5439546E8
 9.5643507E8
 9.5797197E8
 9.5906893E8
 9.5981677E8
 9.602944E8
 9.6053363E8
 9.6050566E8
 9.601248E8
 9.5929171E8
 9.5794534E8
 9.5613178E8
 9.5397562E8
 9.5148019E8
 9.4863053E8
 9.454832E8
 9.4215046E8
 9.3875514E8
 9.3541005E8
 9.3223552E8
 9.2934061E8
 9.2676787E8
 9.2448614E8
 9.2246707E8
 9.207417E8
 9.1944947E8
 9.187671E8
 9.1825178E8
 9.1772461E8
 9.171961E8
 9.1669114E8
 9.1620538E8
 9.1575578E8
 9.1549005E8
 9.1576621E8
 9.1650458E8
 9.173193E8
 9.1799462E8
 9.1848678E8
 9.1877574E8
 9.1881165E8
 9.1856486E8
 9.1797274E8
 9.1697254E8
 9.155968E8
 9.1394739E8
 9.1214861E8
 9.1034118E8
 9.0867782E8
 9.0729971E8
 9.063056E8
 9.0570368E8
 9.0539552E8
 9.0530566E8
 9.0548698E8
 9.0608333E8
 9.0704454E8
 9.0827482E8
 9.097792E8
 9.1152742E8
 9.1338816E8
 9.151943E8
 9.1680666E8
 9.1811885E8
 9.1906054E8
 9.1960749E8
 9.1977139E8
 9.1957837E8
 9.1904768E8
 9.1812019E8
 9.1669107E8
 9.147456E8
 9.1237152E8
 9.0970138E8
 9.0685517E8
 9.0395264E8
 9.0111814E8
 8.9843501E8
 8.9592563E8
 8.9357402E8
 8.9132301E8
 8.8904691E8
 8.8661971E8
 8.839559E8
 8.8101421E8
 8.7779712E8
 8.7435117E8
 8.7074586E8
 8.6704294E8
 8.6330323E8
 8.5951802E8
 8.5562534E8
 8.5159936E8
 8.4746144E8
 8.4328947E8
 8.3924915E8
 8.3561235E8
 8.3278573E8
 8.3112902E8
 8.3026323E8
 8.298695E8
 8.2995104E8
 8.3048659E8
 8.3144531E8
 8.3285523E8
 8.3473728E8
 8.3705651E8
 8.3971238E8
 8.425271E8
 8.4530803E8
 8.4793299E8
 8.5026362E8
 8.522032E8
 8.5384698E8
 8.5537773E8
 8.5695264E8
 8.5868288E8
 8.6062579E8
 8.6280634E8
 8.6527962E8
 8.6819667E8
 8.716409E8
 8.7548467E8
 8.7955302E8
 8.8371558E8
 8.8788589E8
 8.9203072E8
 8.9616467E8
 9.0021907E8
 9.0398342E8
 9.0724877E8
 9.0991053E8
 9.1198214E8
 9.1352582E8
 9.1459501E8
 9.1524339E8
 9.1555475E8
 9.1563936E8
 9.1561523E8
 9.1557594E8
 9.155945E8
 9.1576301E8
 9.1618035E8
 9.1684493E8
 9.1762554E8
 9.1835552E8
 9.1891674E8
 9.1926054E8
 9.1939648E8
 9.1937658E8
 9.192864E8
 9.1923264E8
 9.1933152E8
 9.1968365E8
 9.2033805E8
 9.2126298E8
 9.2239418E8
 9.2367648E8
 9.2501856E8
 9.2631866E8
 9.2752544E8
 9.2863994E8
 9.2966515E8
 9.3057485E8
 9.3130182E8
 9.3176819E8
 9.319456E8
 9.3177952E8
 9.3114515E8
 9.2997434E8
 9.2837318E8
 9.2647942E8
 9.2436435E8
 9.2210842E8
 9.198E8
 9.1745126E8
 9.1503923E8
 9.1262278E8
 9.102944E8
 9.0809107E8
 9.0597574E8
 9.0394368E8
 9.0213888E8
 9.0080077E8
 9.000903E8
 8.9998566E8
 9.00328E8
 9.0086643E8
 9.0136186E8
 9.0170298E8
 9.0189824E8
 9.0199155E8
 9.0198778E8
 9.0186176E8
 9.0160314E8
 9.0124378E8
 9.0084006E8
 9.004512E8
 9.0008915E8
 8.9976602E8
 8.9959942E8
 8.9969677E8
 9.0021037E8
 9.0131117E8
 9.0260128E8
 9.0371533E8
 9.0456186E8
 9.0519981E8
 9.056951E8
 9.0601472E8
 9.0605395E8
 9.0575014E8
 9.0510042E8
 9.0413421E8
 9.0292038E8
 9.0158016E8
 9.0028198E8
 8.9916038E8
 8.9824563E8
 8.9754208E8
 8.9711571E8
 8.9710336E8
 8.9764781E8
 8.9873178E8
 9.0023648E8
 9.0207699E8
 9.0421197E8
 9.0660269E8
 9.0922374E8
 9.1205344E8
 9.1501594E8
 9.1799315E8
 9.208679E8
 9.2353504E8
 9.2592422E8
 9.2800762E8
 9.2982547E8
 9.3145491E8
 9.3298157E8
 9.3448275E8
 9.3595443E8
 9.3730618E8
 9.3851853E8
 9.3965869E8
 9.4082061E8
 9.4191341E8
 9.4281178E8
 9.4351328E8
 9.4408224E8
 9.4453626E8
 9.448176E8
 9.4488122E8
 9.4471962E8
 9.4439488E8
 9.4394099E8
 9.4326618E8
 9.423072E8
 9.4099648E8
 9.3927853E8
 9.3715386E8
 9.3469011E8
 9.3204448E8
 9.2944371E8
 9.269479E8
 9.2449792E8
 9.2201331E8
 9.1949805E8
 9.1706707E8
 9.1482317E8
 9.1275642E8
 9.1074752E8
 9.0870227E8
 9.0661376E8
 9.0455354E8
 9.0258278E8
 9.0066816E8
 8.9875245E8
 8.9681664E8
 8.9483264E8
 8.9278752E8
 8.9073875E8
 8.887424E8
 8.8680083E8
 8.8489702E8
 8.829904E8
 8.810576E8
 8.7915398E8
 8.7744691E8
 8.7607347E8
 8.7497478E8
 8.7410854E8
 8.735095E8
 8.7319424E8
 8.7315731E8
 8.734215E8
 8.7402771E8
 8.7497421E8
 8.7626739E8
 8.7794234E8
 8.8000973E8
 8.8249619E8
 8.8536358E8
 8.8848486E8
 8.9176986E8
 8.9513741E8
 8.9851533E8
 9.0183354E8
 9.0507789E8
 9.0832986E8
 9.1174406E8
 9.1544973E8
 9.1953651E8
 9.2406656E8
 9.2899718E8
 9.3409907E8
 9.3917312E8
 9.4410829E8
 9.4871898E8
 9.5285101E8
 9.5646483E8
 9.5965792E8
 9.6259187E8
 9.6518246E8
 9.6740518E8
 9.6931251E8
 9.7092576E8
 9.7225325E8
 9.7332288E8
 9.7419565E8
 9.7492877E8
 9.7555078E8
 9.7603552E8
 9.7627174E8
 9.7612077E8
 9.7552141E8
 9.7459245E8
 9.7352486E8
 9.7245677E8
 9.7155302E8
 9.7100954E8
 9.7093638E8
 9.7127494E8
 9.7188211E8
 9.7269363E8
 9.7374502E8
 9.750297E8
 9.7645504E8
 9.7788128E8
 9.7914848E8
 9.8010688E8
 9.8062899E8
 9.8064019E8
 9.8015629E8
 9.792473E8
 9.780103E8
 9.7657222E8
 9.749497E8
 9.7314016E8
 9.7128301E8
 9.6967315E8
 9.6859808E8
 9.677575E8
 9.6701018E8
 9.6639078E8
 9.6596506E8
 9.657744E8
 9.6579155E8
 9.6593133E8
 9.6610336E8
 9.6622886E8
 9.6624147E8
 9.6606982E8
 9.6561773E8
 9.6479226E8
 9.6360179E8
 9.6217862E8
 9.6066899E8
 9.591673E8
 9.5775987E8
 9.5654675E8
 9.556423E8
 9.5515494E8
 9.5516909E8
 9.5570797E8
 9.5669376E8
 9.5799392E8
 9.5950438E8
 9.6111885E8
 9.6266848E8
 9.6397811E8
 9.6491136E8
 9.6544301E8
 9.6559757E8
 9.6536595E8
 9.6478886E8
 9.6392723E8
 9.628313E8
 9.6160608E8
 9.6037914E8
 9.5924378E8
 9.5826394E8
 9.5747418E8
 9.5687226E8
 9.5642938E8
 9.5613101E8
 9.559801E8
 9.5597606E8
 9.5611693E8
 9.5639507E8
 9.5671987E8
 9.5703584E8
 9.5737946E8
 9.5778349E8
 9.5831968E8
 9.5910739E8
 9.6015642E8
 9.614167E8
 9.6287443E8
 9.64544E8
 9.6642688E8
 9.6847725E8
 9.705767E8
 9.7257894E8
 9.7435533E8
 9.757799E8
 9.7671936E8
 9.7704832E8
 9.7668045E8
 9.7559315E8
 9.7382131E8
 9.7144051E8
 9.6857773E8
 9.6538995E8
 9.619863E8
 9.5837677E8
 9.5456314E8
 9.5059085E8
 9.4647226E8
 9.42152E8
 9.375792E8
 9.3280352E8
 9.2797594E8
 9.2333562E8
 9.1919034E8
 9.1580333E8
 9.1333062E8
 9.1183693E8
 9.1132998E8
 9.1179514E8
 9.1325248E8
 9.1572051E8
 9.1909114E8
 9.2316154E8
 9.2770035E8
 9.3241286E8
 9.3700864E8
 9.412256E8
 9.448144E8
 9.4760858E8
 9.4958054E8
 9.5081562E8
 9.514217E8
 9.5147526E8
 9.5104742E8
 9.5019194E8
 9.489399E8
 9.4736563E8
 9.4559366E8
 9.437657E8
 9.4200928E8
 9.4040774E8
 9.3899917E8
 9.3780531E8
 9.3684269E8
 9.3609888E8
 9.354663E8
 9.3488301E8
 9.343801E8
 9.3402272E8
 9.338313E8
 9.3367642E8
 9.3336806E8
 9.3280218E8
 9.319721E8
 9.3092397E8
 9.2973178E8
 9.284823E8
 9.2724563E8
 9.2608691E8
 9.2499334E8
 9.2390592E8
 9.2281286E8
 9.2172064E8
 9.2063994E8
 9.1960621E8
 9.1868915E8
 9.1796429E8
 9.1747469E8
 9.1723475E8
 9.1729658E8
 9.176887E8
 9.1832992E8
 9.1909011E8
 9.199415E8
 9.209776E8
 9.220736E8
 9.2303872E8
 9.2374112E8
 9.2411635E8
 9.2417171E8
 9.2393306E8
 9.2339622E8
 9.2257005E8
 9.2151866E8
 9.203415E8
 9.1912832E8
 9.1795898E8
 9.1693888E8
 9.1621459E8
 9.158823E8
 9.158448E8
 9.1603456E8
 9.1643949E8
 9.1700826E8
 9.1764179E8
 9.1825536E8
 9.1884384E8
 9.194928E8
 9.2032774E8
 9.2144307E8
 9.2292384E8
 9.2483085E8
 9.2704448E8
 9.2947802E8
 9.3215322E8
 9.3512128E8
 9.3846432E8
 9.4222106E8
 9.4634387E8
 9.5080346E8
 9.5556422E8
 9.6046912E8
 9.6537094E8
 9.702055E8
 9.7495206E8
 9.7958157E8
 9.8404147E8
 9.8818189E8
 9.9178765E8
 9.9475923E8
 9.9714189E8
 9.9899917E8
 1.00038771E9
 1.00139955E9
 1.00208909E9
 1.00250406E9
 1.00275366E9
 1.00296134E9
 1.00315891E9
 1.00326387E9
 1.00317587E9
 1.00285549E9
 1.00230221E9
 1.00153894E9
 1.00056147E9
 9.9933222E8
 9.9782221E8
 9.9604218E8
 9.940009E8
 9.917095E8
 9.8920051E8
 9.8656621E8
 9.839664E8
 9.8147629E8
 9.790423E8
 9.7663174E8
 9.7426726E8
 9.7197946E8
 9.6977728E8
 9.6767014E8
 9.6570464E8
 9.6394413E8
 9.6246528E8
 9.6136115E8
 9.6065478E8
 9.6022688E8
 9.5992902E8
 9.5966938E8
 9.5936717E8
 9.5895686E8
 9.5839219E8
 9.5763405E8
 9.566233E8
 9.5528954E8
 9.536215E8
 9.5165517E8
 9.4940115E8
 9.468553E8
 9.4405088E8
 9.4107334E8
 9.3805901E8
 9.3513587E8
 9.3250989E8
 9.3038138E8
 9.288343E8
 9.2797331E8
 9.2802394E8
 9.2918022E8
 9.3129389E8
 9.3405645E8
 9.3736774E8
 9.412983E8
 9.4593306E8
 9.5111846E8
 9.5642298E8
 9.6151238E8
 9.6619597E8
 9.7041306E8
 9.7416288E8
 9.7747162E8
 9.8042208E8
 9.8310496E8
 9.8552813E8
 9.8758509E8
 9.8911814E8
 9.9006528E8
 9.9045446E8
 9.9031942E8
 9.8964864E8
 9.8844774E8
 9.8679776E8
 9.8482182E8
 9.8263104E8
 9.8033978E8
 9.7807661E8
 9.7596883E8
 9.740889E8
 9.7240192E8
 9.7084275E8
 9.6938829E8
 9.6805517E8
 9.6686278E8
 9.6577101E8
 9.6465914E8
 9.6340154E8
 9.6194502E8
 9.6035354E8
 9.5884141E8
 9.5778861E8
 9.5732762E8
 9.574656E8
 9.5813779E8
 9.591296E8
 9.6018752E8
 9.6115597E8
 9.6194842E8
 9.6244038E8
 9.6252742E8
 9.6218349E8
 9.6149158E8
 9.6066355E8
 9.599593E8
 9.5956678E8
 9.5953094E8
 9.5983693E8
 9.6044416E8
 9.6124838E8
 9.6206675E8
 9.6271328E8
 9.630983E8
 9.6320768E8
 9.631047E8
 9.6284429E8
 9.6238624E8
 9.6162387E8
 9.6043258E8
 9.5875808E8
 9.5666906E8
 9.543449E8
 9.5195213E8
 9.495047E8
 9.4693504E8
 9.4422931E8
 9.414185E8
 9.3854182E8
 9.3562976E8
 9.3272806E8
 9.2987635E8
 9.2708371E8
 9.2434157E8
 9.2170893E8
 9.1931462E8
 9.1729798E8
 9.1575322E8
 9.1468947E8
 9.1399098E8
 9.1349651E8
 9.1311277E8
 9.1286458E8
 9.1281888E8
 9.1292934E8
 9.1301798E8
 9.1302515E8
 9.1303629E8
 9.1309901E8
 9.1319699E8
 9.1331968E8
 9.1347578E8
 9.1370899E8
 9.1412986E8
 9.1496282E8
 9.1661082E8
 9.1909747E8
 9.2209683E8
 9.2562035E8
 9.2978464E8
 9.3461146E8
 9.4003213E8
 9.4594381E8
 9.5217242E8
 9.5853094E8
 9.6485126E8
 9.7091987E8
 9.7639187E8
 9.810311E8
 9.8479136E8
 9.8770029E8
 9.8977683E8
 9.9100672E8
 9.9133146E8
 9.9072678E8
 9.8930714E8
 9.8734995E8
 9.8516019E8
 9.8299315E8
 9.8098285E8
 9.7909869E8
 9.7735571E8
 9.7586125E8
 9.7471834E8
 9.7398246E8
 9.7370086E8
 9.738809E8
 9.7449088E8
 9.7545395E8
 9.7659571E8
 9.7773325E8
 9.7882445E8
 9.7995654E8
 9.8115693E8
 9.8242899E8
 9.8377696E8
 9.8523693E8
 9.8685459E8
 9.8851354E8
 9.9007296E8
 9.9148E8
 9.9274214E8
 9.9391821E8
 9.9508634E8
 9.9631219E8
 9.9762765E8
 9.9901946E8
 1.00043277E9
 1.00185024E9
 1.00330547E9
 1.00481696E9
 1.00632634E9
 1.00773069E9
 1.00893139E9
 1.00985062E9
 1.01044301E9
 1.01075878E9
 1.01099853E9
 1.01134381E9
 1.0118841E9
 1.01261613E9
 1.0134871E9
 1.01445549E9
 1.01551706E9
 1.01671795E9
 1.01819142E9
 1.02004877E9
 1.02208845E9
 1.02411648E9
 1.02609075E9
 1.02799443E9
 1.02975507E9
 1.0313129E9
 1.03263488E9
 1.03366771E9
 1.03438016E9
 1.03481286E9
 1.03496602E9
 1.03469056E9
 1.03386938E9
 1.03261946E9
 1.0311353E9
 1.02963981E9
 1.02829702E9
 1.02698726E9
 1.02555482E9
 1.02395302E9
 1.0222023E9
 1.020384E9
 1.01863482E9
 1.01706554E9
 1.01561139E9
 1.01418323E9
 1.01272864E9
 1.01123066E9
 1.00973363E9
 1.00840806E9
 1.00733632E9
 1.00637952E9
 1.00543706E9
 1.00454342E9
 1.00380947E9
 1.00332627E9
 1.00312442E9
 1.00306707E9
 1.00282835E9
 1.00218227E9
 1.00108397E9
 9.9958227E8
 9.9777798E8
 9.9576525E8
 9.9350893E8
 9.9102387E8
 9.8852851E8
 9.8629747E8
 9.8425075E8
 9.8221914E8
 9.800992E8
 9.7782739E8
 9.7543373E8
 9.7304486E8
 9.7083213E8
 9.6892128E8
 9.6727552E8
 9.6579181E8
 9.6447987E8
 9.6347027E8
 9.6295898E8
 9.6316083E8
 9.6417837E8
 9.6587872E8
 9.6810195E8
 9.7078534E8
 9.7376992E8
 9.7677766E8
 9.795856E8
 9.8208422E8
 9.8421376E8
 9.8596998E8
 9.8747181E8
 9.8891328E8
 9.9021382E8
 9.9121933E8
 9.9192346E8
 9.9237203E8
 9.9263667E8
 9.9281683E8
 9.9302246E8
 9.9336678E8
 9.9393683E8
 9.9476486E8
 9.9579418E8
 9.9688774E8
 9.978839E8
 9.9865408E8
 9.991289E8
 9.9928186E8
 9.9913453E8
 9.9876307E8
 9.982857E8
 9.9774573E8
 9.9708288E8
 9.9624614E8
 9.9531034E8
 9.9432314E8
 9.9319149E8
 9.9190342E8
 9.9053216E8
 9.8909587E8
 9.8754317E8
 9.858448E8
 9.840183E8
 9.8209248E8
 9.8008646E8
 9.7800538E8
 9.758416E8
 9.7358707E8
 9.7127443E8
 9.6900557E8
 9.6693466E8
 9.6511136E8
 9.6356019E8
 9.6238413E8
 9.6176506E8
 9.6181318E8
 9.6252275E8
 9.6376659E8
 9.6536262E8
 9.6722842E8
 9.6931482E8
 9.7151072E8
 9.7372749E8
 9.7594144E8
 9.7807616E8
 9.800249E8
 9.8172083E8
 9.831088E8
 9.8414701E8
 9.8477696E8
 9.8493702E8
 9.846816E8
 9.841097E8
 9.8322995E8
 9.8197997E8
 9.803232E8
 9.7822266E8
 9.7566406E8
 9.7272365E8
 9.6957216E8
 9.6640147E8
 9.6339597E8
 9.6074874E8
 9.5863744E8
 9.5700474E8
 9.5570566E8
 9.5471398E8
 9.5377722E8
 9.5277331E8
 9.5169594E8
 9.5062701E8
 9.4964832E8
 9.4875021E8
 9.4780819E8
 9.4666266E8
 9.4530099E8
 9.4389414E8
 9.425081E8
 9.4097555E8
 9.3929958E8
 9.3761389E8
 9.360473E8
 9.3467494E8
 9.3354573E8
 9.3269184E8
 9.3208774E8
 9.3162842E8
 9.3125395E8
 9.3100493E8
 9.309552E8
 9.3123955E8
 9.3202144E8
 9.3329222E8
 9.3501722E8
 9.3724E8
 9.398832E8
 9.4266554E8
 9.4534304E8
 9.4788768E8
 9.5044851E8
 9.5313939E8
 9.5596851E8
 9.5887917E8
 9.6181504E8
 9.6472486E8
 9.676585E8
 9.7071616E8
 9.7389734E8
 9.7719418E8
 9.8057837E8
 9.839408E8
 9.8723648E8
 9.903504E8
 9.9287962E8
 9.9470253E8
 9.9580531E8
 9.9621728E8
 9.9604358E8
 9.9540742E8
 9.9447296E8
 9.9344781E8
 9.924695E8
 9.9165613E8
 9.9115917E8
 9.9103027E8
 9.9113715E8
 9.912569E8
 9.9121101E8
 9.9094016E8
 9.9048704E8
 9.8993587E8
 9.8930643E8
 9.8859437E8
 9.8807488E8
 9.8770381E8
 9.873408E8
 9.869447E8
 9.8658656E8
 9.8639027E8
 9.8640589E8
 9.8658803E8
 9.8689299E8
 9.8730566E8
 9.8787386E8
 9.8866714E8
 9.8966445E8
 9.9082003E8
 9.9219411E8
 9.9386054E8
 9.9574496E8
 9.977033E8
 9.9964614E8
 1.00150995E9
 1.00324538E9
 1.00476499E9
 1.00590182E9
 1.00654035E9
 1.00667411E9
 1.00634566E9
 1.0056423E9
 1.0047047E9
 1.0036473E9
 1.00249094E9
 1.00123642E9
 9.9992589E8
 9.9846323E8
 9.966857E8
 9.9455219E8
 9.9207776E8
 9.8927386E8
 9.862825E8
 9.8335974E8
 9.8073939E8
 9.7848461E8
 9.7651949E8
 9.7475987E8
 9.7315955E8
 9.717017E8
 9.7040448E8
 9.6930867E8
 9.6848602E8
 9.6802829E8
 9.679575E8
 9.6828653E8
 9.6907936E8
 9.7034086E8
 9.7202618E8
 9.7412461E8
 9.7669536E8
 9.7976198E8
 9.8313517E8
 9.8654502E8
 9.8980922E8
 9.92848E8
 9.957145E8
 9.985097E8
 1.00125472E9
 1.00386374E9
 1.00620275E9
 1.00814912E9
 1.00960691E9
 1.01054982E9
 1.01104506E9
 1.01116768E9
 1.01098202E9
 1.01057875E9
 1.01001658E9
 1.00919539E9
 1.00800851E9
 1.00642778E9
 1.0043968E9
 1.00188314E9
 9.9891699E8
 9.9559488E8
 9.9203379E8
 9.8834003E8
 9.8461075E8
 9.8094272E8
 9.7745446E8
 9.7421504E8
 9.7123059E8
 9.6852134E8
 9.6613613E8
 9.6417882E8
 9.6271699E8
 9.616649E8
 9.6078598E8
 9.5980422E8
 9.5857523E8
 9.5719315E8
 9.5560448E8
 9.5383834E8
 9.5202266E8
 9.5053683E8
 9.4957184E8
 9.4913203E8
 9.4938598E8
 9.5050605E8
 9.5255706E8
 9.5540038E8
 9.5875475E8
 9.623495E8
 9.6594144E8
 9.6933485E8
 9.7244109E8
 9.7525389E8
 9.7779616E8
 9.8014797E8
 9.8243059E8
 9.8476595E8
 9.8718112E8
 9.8954566E8
 9.9163693E8
 9.9329235E8
 9.9449062E8
 9.9528346E8
 9.9572723E8
 9.958759E8
 9.9577523E8
 9.954295E8
 9.9478118E8
 9.9363302E8
 9.918416E8
 9.8940813E8
 9.8639046E8
 9.8282893E8
 9.7881613E8
 9.7455302E8
 9.7034707E8
 9.6654176E8
 9.6339091E8
 9.6090477E8
 9.5899059E8
 9.5780154E8
 9.5743738E8
 9.5789722E8
 9.5936838E8
 9.6154733E8
 9.6407046E8
 9.6696384E8
 9.7005696E8
 9.7302605E8
 9.7579501E8
 9.7839117E8
 9.8086298E8
 9.8331418E8
 9.8590074E8
 9.8875686E8
 9.9193005E8
 9.9541299E8
 9.9923053E8
 1.00340179E9
 1.00779386E9
 1.01224109E9
 1.01663213E9
 1.02088768E9
 1.02495136E9
 1.02878253E9
 1.0323225E9
 1.03546797E9
 1.03810854E9
 1.04017075E9
 1.04162675E9
 1.04248397E9
 1.04274003E9
 1.04237754E9
 1.04141517E9
 1.03992582E9
 1.03799206E9
 1.03566355E9
 1.03301805E9
 1.03020506E9
 1.02738061E9
 1.02457869E9
 1.02181312E9
 1.01915738E9
 1.01665728E9
 1.01425498E9
 1.01179834E9
 1.00915405E9
 1.00627219E9
 1.0031769E9
 9.9994746E8
 9.9668922E8
 9.9352589E8
 9.9063296E8
 9.8817914E8
 9.8621971E8
 9.8466918E8
 9.8341069E8
 9.8240602E8
 9.8170029E8
 9.813655E8
 9.814272E8
 9.8189165E8
 9.8276166E8
 9.8406662E8
 9.8582611E8
 9.8795866E8
 9.903207E8
 9.9282291E8
 9.9547168E8
 9.983136E8
 1.00136589E9
 1.00452301E9
 1.00756678E9
 1.01028186E9
 1.01251853E9
 1.01420602E9
 1.01536166E9
 1.01606752E9
 1.01642861E9
 1.01654477E9
 1.01652864E9
 1.01655872E9
 1.01650618E9
 1.01624614E9
 1.01589894E9
 1.01559219E9
 1.01535514E9
 1.01517024E9
 1.01503827E9
 1.01501754E9
 1.0152313E9
 1.01583066E9
 1.01688307E9
 1.0183255E9
 1.02005619E9
 1.022056E9
 1.02436499E9
 1.027E9
 1.02987264E9
 1.03275232E9
 1.03534176E9
 1.03730061E9
 1.03837453E9
 1.03854867E9
 1.03797158E9
 1.03673446E9
 1.03496166E9
 1.03286688E9
 1.03057734E9
 1.02817491E9
 1.02567162E9
 1.02312403E9
 1.02066611E9
 1.01842803E9
 1.01652467E9
 1.01503174E9
 1.01393702E9
 1.01315475E9
 1.01261466E9
 1.0123351E9
 1.01240621E9
 1.01293818E9
 1.01400851E9
 1.01564032E9
 1.01775456E9
 1.02017914E9
 1.0226233E9
 1.0247433E9
 1.02632538E9
 1.02733626E9
 1.02785062E9
 1.02797274E9
 1.02777696E9
 1.0273433E9
 1.02680691E9
 1.02634054E9
 1.02606259E9
 1.02594758E9
 1.02585478E9
 1.02609555E9
 1.02624314E9
 1.02616192E9
 1.02607917E9
 1.02615514E9
 1.02642752E9
 1.0269383E9
 1.02778426E9
 1.02913472E9
 1.03092454E9
 1.03296557E9
 1.03512723E9
 1.03731136E9
 1.03944947E9
 1.04149882E9
 1.04342598E9
 1.04522579E9
 1.04692378E9
 1.04853702E9
 1.0501184E9
 1.0516983E9
 1.05323238E9
 1.05467021E9
 1.05597914E9
 1.0571623E9
 1.05826445E9
 1.05931622E9
 1.06030022E9
 1.06118413E9
 1.06199686E9
 1.0628295E9
 1.06380659E9
 1.06502349E9
 1.06636141E9
 1.06763475E9
 1.06873011E9
 1.0695632E9
 1.07011418E9
 1.07041485E9
 1.07055098E9
 1.07064678E9
 1.07079923E9
 1.07104102E9
 1.07138515E9
 1.07184506E9
 1.07241677E9
 1.0730423E9
 1.07364314E9
 1.07415872E9
 1.07457011E9
 1.07489357E9
 1.07520922E9
 1.07563622E9
 1.07619302E9
 1.07676262E9
 1.07722778E9
 1.07752128E9
 1.0775561E9
 1.07716902E9
 1.07616486E9
 1.07441357E9
 1.0719079E9
 1.06874253E9
 1.0650007E9
 1.06078771E9
 1.05621408E9
 1.05135373E9
 1.04635373E9
 1.04141126E9
 1.03674797E9
 1.03260275E9
 1.02915853E9
 1.02649338E9
 1.02464602E9
 1.02357709E9
 1.02315194E9
 1.02322502E9
 1.02366656E9
 1.02441434E9
 1.02539456E9
 1.02646822E9
 1.02752166E9
 1.02849754E9
 1.02936026E9
 1.03007891E9
 1.03064486E9
 1.03110778E9
 1.03157978E9
 1.03214867E9
 1.03278688E9
 1.03352045E9
 1.03444147E9
 1.0355527E9
 1.03673606E9
 1.03791078E9
 1.03904262E9
 1.04009741E9
 1.04100902E9
 1.0417175E9
 1.04223667E9
 1.04265306E9
 1.04305286E9
 1.04350746E9
 1.04409094E9
 1.04490093E9
 1.0459879E9
 1.04729069E9
 1.04872602E9
 1.05028058E9
 1.05179898E9
 1.05302208E9
 1.05384941E9
 1.0541849E9
 1.05389536E9
 1.0530073E9
 1.05172019E9
 1.05017786E9
 1.04832416E9
 1.04622438E9
 1.04407187E9
 1.04202822E9
 1.04012749E9
 1.03832032E9
 1.03655494E9
 1.03483661E9
 1.03318714E9
 1.03165312E9
 1.03026483E9
 1.0289159E9
 1.02749037E9
 1.02592774E9
 1.02398022E9
 1.02159802E9
 1.01900166E9
 1.01645651E9
 1.01384659E9
 1.0111888E9
 1.00859526E9
 1.00610547E9
 1.0037264E9
 1.00146298E9
 9.9931078E8
 9.9731898E8
 9.9550131E8
 9.9381402E8
 9.9230227E8
 9.9105773E8
 9.9013344E8
 9.8944173E8
 9.8881395E8
 9.8817325E8
 9.8756115E8
 9.8708109E8
 9.8688845E8
 9.8682112E8
 9.8660538E8
 9.8620954E8
 9.8573005E8
 9.8526432E8
 9.848583E8
 9.8451878E8
 9.8426701E8
 9.8414694E8
 9.8423418E8
 9.8461651E8
 9.8535341E8
 9.8649267E8
 9.8808134E8
 9.9011264E8
 9.9255622E8
 9.9540787E8
 9.9867994E8
 1.0023913E9
 1.00653555E9
 1.01103469E9
 1.01580141E9
 1.02080237E9
 1.02595507E9
 1.03108186E9
 1.03596467E9
 1.04036506E9
 1.0440896E9
 1.04699366E9
 1.04899392E9
 1.05010349E9
 1.05027821E9
 1.04947078E9
 1.04780115E9
 1.0454745E9
 1.04265728E9
 1.03943686E9
 1.03587808E9
 1.03209229E9
 1.02827347E9
 1.02470662E9
 1.02171309E9
 1.01931334E9
 1.01768928E9
 1.01708806E9
 1.01733901E9
 1.01822438E9
 1.01945248E9
 1.02074355E9
 1.02195251E9
 1.02298202E9
 1.02358496E9
 1.02356794E9
 1.02294336E9
 1.02180608E9
 1.0202183E9
 1.01819866E9
 1.01576755E9
 1.01298963E9
 1.00997158E9
 1.00685082E9
 1.00371667E9
 1.00057472E9
 9.9739949E8
 9.9418451E8
 9.9097453E8
 9.8785293E8
 9.8491213E8
 9.8232064E8
 9.8031117E8
 9.790912E8
 9.7887104E8
 9.7967066E8
 9.8123923E8
 9.8328883E8
 9.856295E8
 9.8814458E8
 9.9074957E8
 9.9335802E8
 9.958704E8
 9.9817114E8
 1.00010758E9
 1.00161389E9
 1.00270413E9
 1.00347878E9
 1.00404224E9
 1.00442003E9
 1.00471795E9
 1.00515302E9
 1.00598822E9
 1.0074736E9
 1.00957146E9
 1.01204179E9
 1.01465434E9
 1.01722707E9
 1.01969747E9
 1.0220624E9
 1.02428582E9
 1.02632173E9
 1.02814918E9
 1.02976723E9
 1.03117875E9
 1.03256634E9
 1.03390515E9
 1.03490547E9
 1.03534746E9
 1.03515629E9
 1.03440019E9
 1.0330816E9
 1.0312343E9
 1.0290023E9
 1.02652205E9
 1.02380128E9
 1.02071008E9
 1.01715059E9
 1.01316864E9
 1.00882899E9
 1.00414982E9
 9.9925286E8
 9.9436218E8
 9.8971661E8
 9.855776E8
 9.8231219E8
 9.8036998E8
 9.8004774E8
 9.8123283E8
 9.837001E8
 9.8711462E8
 9.9118758E8
 9.9566637E8
 1.0001449E9
 1.00430067E9
 1.00797446E9
 1.01109178E9
 1.01358157E9
 1.0153769E9
 1.01649562E9
 1.01712243E9
 1.01750618E9
 1.0178231E9
 1.01817818E9
 1.01867866E9
 1.01947987E9
 1.02075066E9
 1.0225431E9
 1.02472749E9
 1.02710419E9
 1.02950381E9
 1.03180013E9
 1.03389722E9
 1.03573901E9
 1.03732141E9
 1.03871808E9
 1.03999885E9
 1.04108659E9
 1.04187002E9
 1.04233203E9
 1.0425065E9
 1.04244192E9
 1.04221485E9
 1.04199187E9
 1.04187834E9
 1.04172755E9
 1.04147309E9
 1.04116627E9
 1.04067315E9
 1.03986784E9
 1.03878253E9
 1.03755424E9
 1.03642054E9
 1.03562234E9
 1.03514995E9
 1.03492077E9
 1.03500147E9
 1.03549626E9
 1.03642419E9
 1.0376905E9
 1.03911226E9
 1.04063917E9
 1.04230157E9
 1.04408403E9
 1.04593267E9
 1.04789216E9
 1.05016698E9
 1.05275552E9
 1.05557158E9
 1.05864141E9
 1.06192582E9
 1.06539034E9
 1.06899642E9
 1.07248237E9
 1.07559514E9
 1.0783561E9
 1.08088806E9
 1.0831959E9
 1.085216E9
 1.08667443E9
 1.08735846E9
 1.08730637E9
 1.08672627E9
 1.08583821E9
 1.08481907E9
 1.08373146E9
 1.082576E9
 1.08137088E9
 1.08010752E9
 1.07876237E9
 1.07732326E9
 1.07592461E9
 1.07467955E9
 1.07336749E9
 1.07174317E9
 1.06977613E9
 1.06750349E9
 1.0649657E9
 1.06231226E9
 1.05970048E9
 1.05725677E9
 1.05514842E9
 1.05331002E9
 1.05176064E9
 1.05048826E9
 1.04925037E9
 1.04787501E9
 1.04636646E9
 1.04486726E9
 1.04354963E9
 1.04249363E9
 1.04161702E9
 1.04066566E9
 1.03936467E9
 1.03757299E9
 1.03527686E9
 1.03259034E9
 1.02971981E9
 1.02686272E9
 1.02414438E9
 1.02175635E9
 1.02006253E9
 1.01900678E9
 1.01854656E9
 1.01862387E9
 1.01898317E9
 1.01936006E9
 1.01959494E9
 1.01960531E9
 1.01935942E9
 1.01888371E9
 1.01821318E9
 1.01737261E9
 1.01641702E9
 1.01541024E9
 1.01433632E9
 1.01314515E9
 1.0118656E9
 1.01062342E9
 1.00959002E9
 1.00890202E9
 1.00861952E9
 1.00875526E9
 1.00924429E9
 1.00995878E9
 1.0107504E9
 1.01155616E9
 1.01242707E9
 1.01342502E9
 1.01450573E9
 1.01553728E9
 1.016496E9
 1.0174505E9
 1.01848179E9
 1.01964781E9
 1.02102093E9
 1.02271674E9
 1.02450829E9
 1.02619462E9
 1.02762074E9
 1.02872442E9
 1.02956294E9
 1.03025421E9
 1.03090445E9
 1.03153018E9
 1.03203213E9
 1.03228883E9
 1.03228058E9
 1.03210176E9
 1.03187398E9
 1.03169395E9
 1.03162214E9
 1.03167917E9
 1.0318663E9
 1.03215597E9
 1.03247296E9
 1.03271654E9
 1.03278477E9
 1.03262054E9
 1.03226304E9
 1.0317376E9
 1.03100032E9
 1.03005331E9
 1.02896653E9
 1.02783661E9
 1.02676909E9
 1.02584154E9
 1.02505606E9
 1.02439968E9
 1.02389254E9
 1.02349882E9
 1.02316474E9
 1.02297766E9
 1.02311226E9
 1.02369504E9
 1.02469414E9
 1.0260393E9
 1.02772486E9
 1.02978349E9
 1.03224205E9
 1.03508006E9
 1.03822445E9
 1.04154304E9
 1.04485862E9
 1.04801645E9
 1.05094259E9
 1.05357408E9
 1.05580973E9
 1.05750784E9
 1.05853702E9
 1.05886739E9
 1.05854003E9
 1.0576487E9
 1.05634554E9
 1.05484205E9
 1.0533289E9
 1.0518745E9
 1.05041133E9
 1.04874835E9
 1.04682675E9
 1.04474406E9
 1.04258387E9
 1.0404727E9
 1.03861082E9
 1.03693978E9
 1.0354249E9
 1.0341063E9
 1.03300634E9
 1.0321831E9
 1.03178541E9
 1.0319303E9
 1.03256448E9
 1.03359526E9
 1.03489805E9
 1.03638784E9
 1.03806426E9
 1.03987558E9
 1.04172038E9
 1.04349824E9
 1.04514669E9
 1.04667904E9
 1.04813146E9
 1.04951968E9
 1.05091526E9
 1.05237606E9
 1.0538313E9
 1.05528691E9
 1.0568921E9
 1.05883245E9
 1.0612471E9
 1.06411405E9
 1.06726086E9
 1.07042861E9
 1.0733271E9
 1.0757792E9
 1.07775936E9
 1.07930483E9
 1.08042086E9
 1.08106624E9
 1.08121293E9
 1.08090061E9
 1.08023667E9
 1.07935053E9
 1.07834701E9
 1.07728768E9
 1.07618163E9
 1.07498752E9
 1.07364403E9
 1.07213946E9
 1.07043238E9
 1.06836122E9
 1.06579213E9
 1.06277453E9
 1.05947526E9
 1.05606579E9
 1.05266829E9
 1.04937696E9
 1.04627251E9
 1.04339021E9
 1.04071232E9
 1.03822931E9
 1.03597453E9
 1.0339904E9
 1.03232314E9
 1.0310969E9
 1.03060026E9
 1.03115782E9
 1.03276019E9
 1.03524301E9
 1.0384441E9
 1.04209254E9
 1.04610726E9
 1.05056979E9
 1.05525094E9
 1.06013709E9
 1.06504032E9
 1.06951315E9
 1.07322464E9
 1.07601446E9
 1.07788173E9
 1.07894682E9
 1.07940173E9
 1.07945203E9
 1.07927398E9
 1.07898061E9
 1.07861491E9
 1.07820186E9
 1.07778765E9
 1.07741696E9
 1.07702464E9
 1.07649421E9
 1.07581005E9
 1.0749719E9
 1.0740151E9
 1.07298368E9
 1.0719833E9
 1.07111514E9
 1.0702199E9
 1.06910336E9
 1.06774829E9
 1.06628397E9
 1.06479366E9
 1.06325651E9
 1.06166733E9
 1.06003834E9
 1.05840352E9
 1.05687046E9
 1.0555191E9
 1.05442285E9
 1.05373779E9
 1.05341293E9
 1.05313728E9
 1.05283424E9
 1.05255834E9
 1.05235053E9
 1.05219757E9
 1.05196563E9
 1.05142477E9
 1.0504608E9
 1.04916397E9
 1.04765056E9
 1.04580237E9
 1.0436311E9
 1.04131827E9
 1.0389929E9
 1.03670022E9
 1.03448282E9
 1.03239309E9
 1.03051213E9
 1.02894874E9
 1.02783821E9
 1.02731558E9
 1.0274423E9
 1.02811693E9
 1.02924762E9
 1.03079725E9
 1.03271642E9
 1.03493146E9
 1.03728979E9
 1.0395689E9
 1.04162989E9
 1.04349261E9
 1.04523066E9
 1.04685645E9
 1.04827296E9
 1.04929978E9
 1.04980634E9
 1.04983098E9
 1.04962336E9
 1.04917158E9
 1.04844301E9
 1.04763648E9
 1.04697485E9
 1.04652749E9
 1.04620813E9
 1.04584307E9
 1.04528224E9
 1.04448512E9
 1.0435536E9
 1.04270419E9
 1.04200192E9
 1.04140685E9
 1.04098573E9
 1.04077325E9
 1.04082042E9
 1.04127354E9
 1.0422807E9
 1.0436457E9
 1.0450089E9
 1.04625984E9
 1.04747552E9
 1.04881402E9
 1.05041523E9
 1.05230675E9
 1.05443162E9
 1.05672102E9
 1.05914611E9
 1.06168467E9
 1.06424954E9
 1.06671526E9
 1.06897766E9
 1.07096032E9
 1.07258099E9
 1.07377024E9
 1.07448845E9
 1.07473062E9
 1.07449766E9
 1.0738359E9
 1.0728681E9
 1.07173574E9
 1.07047411E9
 1.06914618E9
 1.0679232E9
 1.06702528E9
 1.06664083E9
 1.06672429E9
 1.06706214E9
 1.06752755E9
 1.0680656E9
 1.06865408E9
 1.06922291E9
 1.0696832E9
 1.07007322E9
 1.07040134E9
 1.07060403E9
 1.07066259E9
 1.07059187E9
 1.07037958E9
 1.06998176E9
 1.06932077E9
 1.06833331E9
 1.06701805E9
 1.06539565E9
 1.06347578E9
 1.06126586E9
 1.05884237E9
 1.05634938E9
 1.05388013E9
 1.0514425E9
 1.0490352E9
 1.04672122E9
 1.04461658E9
 1.04289094E9
 1.04174765E9
 1.04121459E9
 1.04118829E9
 1.04162003E9
 1.04253504E9
 1.0439849E9
 1.04601466E9
 1.04858093E9
 1.0515632E9
 1.05482547E9
 1.05828064E9
 1.06186912E9
 1.06559354E9
 1.06899725E9
 1.07179853E9
 1.07408832E9
 1.07595187E9
 1.0773865E9
 1.07837696E9
 1.07900288E9
 1.07946074E9
 1.07995418E9
 1.08052339E9
 1.08114752E9
 1.08176678E9
 1.08226099E9
 1.0824832E9
 1.08235904E9
 1.0819415E9
 1.08138458E9
 1.08080986E9
 1.08017536E9
 1.07936461E9
 1.0783351E9
 1.07713267E9
 1.07579341E9
 1.07419174E9
 1.07208781E9
 1.06931738E9
 1.06594195E9
 1.06202982E9
 1.05765856E9
 1.05301632E9
 1.04824141E9
 1.04345882E9
 1.03891661E9
 1.03498854E9
 1.03202739E9
 1.03031347E9
 1.0299799E9
 1.03093171E9
 1.03296595E9
 1.03588781E9
 1.03951936E9
 1.04371923E9
 1.04836909E9
 1.05328282E9
 1.05817626E9
 1.06277722E9
 1.0669104E9
 1.07051206E9
 1.07358163E9
 1.07611341E9
 1.07814707E9
 1.07985766E9
 1.08161574E9
 1.08346547E9
 1.08526694E9
 1.08699123E9
 1.08873779E9
 1.09065434E9
 1.09272602E9
 1.09484531E9
 1.09703155E9
 1.09934144E9
 1.10170803E9
 1.10401126E9
 1.10611917E9
 1.10791091E9
 1.10928256E9
 1.11006976E9
 1.1101472E9
 1.10953459E9
 1.10836928E9
 1.10691571E9
 1.10545779E9
 1.1040215E9
 1.10254426E9
 1.10096141E9
 1.09928845E9
 1.09756429E9
 1.09580954E9
 1.09403354E9
 1.09220173E9
 1.09023462E9
 1.0880841E9
 1.08575386E9
 1.08324928E9
 1.08047962E9
 1.07731341E9
 1.07367949E9
 1.06961555E9
 1.06515981E9
 1.06037453E9
 1.05537549E9
 1.05030816E9
 1.04533728E9
 1.04051622E9
 1.03571744E9
 1.03086022E9
 1.02615488E9
 1.02170746E9
 1.01746195E9
 1.01386829E9
 1.01112416E9
 1.0090007E9
 1.00762189E9
 1.00711181E9
 1.00758854E9
 1.00932186E9
 1.01188134E9
 1.01473325E9
 1.0177511E9
 1.02091098E9
 1.02426208E9
 1.02796947E9
 1.03223322E9
 1.03715034E9
 1.04258342E9
 1.04826675E9
 1.05398848E9
 1.05959046E9
 1.064936E9
 1.06988173E9
 1.07433152E9
 1.07828813E9
 1.08174989E9
 1.08464998E9
 1.08698266E9
 1.08882611E9
 1.09024192E9
 1.09122125E9
 1.09170918E9
 1.09165824E9
 1.09104704E9
 1.08980966E9
 1.08790682E9
 1.08538547E9
 1.08236365E9
 1.07901248E9
 1.07550707E9
 1.07199181E9
 1.06857293E9
 1.06532365E9
 1.06228064E9
 1.05950694E9
 1.05717197E9
 1.0554551E9
 1.05438694E9
 1.05393197E9
 1.05401254E9
 1.05455501E9
 1.05546912E9
 1.05670739E9
 1.05818285E9
 1.05965958E9
 1.06103046E9
 1.06222419E9
 1.06313498E9
 1.06370515E9
 1.06391859E9
 1.06376358E9
 1.06320499E9
 1.06225242E9
 1.06099699E9
 1.05959494E9
 1.05823206E9
 1.05708698E9
 1.05620442E9
 1.05550061E9
 1.05497261E9
 1.0547255E9
 1.0548864E9
 1.05551386E9
 1.05654758E9
 1.05786874E9
 1.05934611E9
 1.06086086E9
 1.06232896E9
 1.06365562E9
 1.06475533E9
 1.06568531E9
 1.06666419E9
 1.0678464E9
 1.069096E9
 1.07046944E9
 1.07197478E9
 1.07353504E9
 1.0751145E9
 1.07668634E9
 1.07827443E9
 1.07989773E9
 1.08144742E9
 1.08281229E9
 1.08393088E9
 1.08478835E9
 1.08544986E9
 1.08604966E9
 1.08665882E9
 1.08720947E9
 1.08763162E9
 1.08789312E9
 1.0880073E9
 1.08802278E9
 1.08792346E9
 1.08766195E9
 1.08731494E9
 1.08709133E9
 1.08716237E9
 1.08750336E9
 1.08798413E9
 1.08845005E9
 1.08879322E9
 1.08893632E9
 1.08877798E9
 1.0882601E9
 1.08740672E9
 1.0861655E9
 1.08472179E9
 1.08305498E9
 1.08094874E9
 1.07859712E9
 1.07625434E9
 1.07404966E9
 1.07202086E9
 1.07023181E9
 1.06881677E9
 1.06786432E9
 1.06739168E9
 1.06743674E9
 1.0680935E9
 1.06943309E9
 1.07141824E9
 1.07397082E9
 1.07700493E9
 1.08040026E9
 1.08402406E9
 1.08778906E9
 1.09165453E9
 1.09558387E9
 1.09942272E9
 1.10300749E9
 1.10627213E9
 1.10913062E9
 1.11147366E9
 1.11325965E9
 1.11452006E9
 1.1153056E9
 1.11561062E9
 1.11550707E9
 1.11502464E9
 1.11409139E9
 1.11277453E9
 1.11122189E9
 1.10952474E9
 1.1076375E9
 1.10543782E9
 1.10285261E9
 1.09988109E9
 1.09651994E9
 1.09283738E9
 1.08895424E9
 1.08486387E9
 1.08063232E9
 1.07654118E9
 1.07279904E9
 1.06948973E9
 1.06657792E9
 1.06388787E9
 1.06139155E9
 1.05918291E9
 1.05740845E9
 1.05614746E9
 1.0553417E9
 1.05487328E9
 1.05462938E9
 1.05452333E9
 1.05450637E9
 1.05460211E9
 1.05485075E9
 1.05529254E9
 1.05599098E9
 1.0570233E9
 1.05847923E9
 1.06049523E9
 1.06332454E9
 1.06656749E9
 1.06988832E9
 1.07313338E9
 1.07620339E9
 1.07902656E9
 1.08152525E9
 1.08366093E9
 1.0854679E9
 1.08704883E9
 1.08852173E9
 1.0899895E9
 1.09150054E9
 1.09302925E9
 1.09447091E9
 1.095712E9
 1.09669133E9
 1.09735322E9
 1.09760525E9
 1.09745779E9
 1.09707994E9
 1.09671014E9
 1.09648154E9
 1.09630464E9
 1.09603174E9
 1.09559654E9
 1.09496499E9
 1.09410035E9
 1.09300506E9
 1.09181261E9
 1.09085402E9
 1.09021376E9
 1.08991104E9
 1.08996774E9
 1.0903511E9
 1.09095437E9
 1.09156326E9
 1.09189709E9
 1.09173645E9
 1.09103898E9
 1.08997184E9
 1.08883878E9
 1.0877751E9
 1.08682406E9
 1.08604685E9
 1.0855072E9
 1.08529613E9
 1.08542822E9
 1.08581939E9
 1.08640986E9
 1.08717018E9
 1.08805504E9
 1.08899789E9
 1.08991923E9
 1.09077875E9
 1.09161766E9
 1.0925865E9
 1.09378854E9
 1.09512499E9
 1.09645798E9
 1.09772403E9
 1.09891968E9
 1.10007616E9
 1.10126797E9
 1.10260467E9
 1.10420787E9
 1.1060928E9
 1.10812557E9
 1.11013427E9
 1.11205722E9
 1.11396467E9
 1.11589811E9
 1.11776461E9
 1.11941722E9
 1.12077184E9
 1.12183565E9
 1.12267968E9
 1.12329216E9
 1.12355674E9
 1.12335744E9
 1.12269299E9
 1.12166886E9
 1.12034765E9
 1.11871642E9
 1.11672947E9
 1.11440115E9
 1.11192614E9
 1.10947494E9
 1.10704832E9
 1.10483917E9
 1.10321216E9
 1.10252493E9
 1.10282125E9
 1.1038583E9
 1.1055721E9
 1.10793088E9
 1.11061389E9
 1.11341709E9
 1.11629158E9
 1.11916544E9
 1.12189517E9
 1.12436275E9
 1.12653606E9
 1.12842214E9
 1.13003059E9
 1.13137203E9
 1.13243405E9
 1.13319539E9
 1.13366938E9
 1.13385613E9
 1.13366618E9
 1.13294669E9
 1.13158886E9
 1.12964826E9
 1.12734118E9
 1.12489254E9
 1.12239949E9
 1.11990221E9
 1.11722355E9
 1.11428723E9
 1.11103974E9
 1.10744947E9
 1.10362266E9
 1.09957491E9
 1.09527194E9
 1.0906912E9
 1.0859127E9
 1.08108288E9
 1.07628198E9
 1.07148819E9
 1.06667398E9
 1.06188096E9
 1.05724928E9
 1.05297018E9
 1.04915462E9
 1.04576429E9
 1.04265856E9
 1.03982227E9
 1.03737325E9
 1.03540512E9
 1.03395654E9
 1.03311309E9
 1.03296877E9
 1.0335296E9
 1.03478061E9
 1.03677869E9
 1.03953344E9
 1.04273862E9
 1.04605472E9
 1.04926374E9
 1.05228973E9
 1.05526093E9
 1.05834144E9
 1.06160845E9
 1.06511136E9
 1.06881286E9
 1.07258515E9
 1.0761609E9
 1.07935872E9
 1.08224934E9
 1.08503373E9
 1.08790579E9
 1.09092326E9
 1.0940663E9
 1.09732134E9
 1.10057165E9
 1.10370099E9
 1.10673331E9
 1.10969728E9
 1.1124864E9
 1.11499814E9
 1.11720486E9
 1.11906701E9
 1.12061158E9
 1.12219059E9
 1.12392128E9
 1.12580826E9
 1.12791296E9
 1.12991283E9
 1.13144038E9
 1.1322935E9
 1.13243507E9
 1.13195098E9
 1.1309888E9
 1.12973248E9
 1.12841626E9
 1.12723443E9
 1.12624166E9
 1.12538752E9
 1.12465587E9
 1.12409613E9
 1.12361306E9
 1.12313165E9
 1.12280538E9
 1.12278694E9
 1.12296499E9
 1.1232361E9
 1.12366797E9
 1.12437286E9
 1.12536358E9
 1.12657357E9
 1.12787904E9
 1.12913472E9
 1.13025651E9
 1.13122419E9
 1.13199859E9
 1.13254387E9
 1.13277837E9
 1.1325513E9
 1.13169587E9
 1.13007514E9
 1.1276407E9
 1.12446426E9
 1.12074035E9
 1.11675802E9
 1.11284045E9
 1.10925146E9
 1.10612083E9
 1.10355392E9
 1.101728E9
 1.10086771E9
 1.10085197E9
 1.10150464E9
 1.10282355E9
 1.1048439E9
 1.10756915E9
 1.11092147E9
 1.11476902E9
 1.11905395E9
 1.12376832E9
 1.12884019E9
 1.1341591E9
 1.13955904E9
 1.14486106E9
 1.14987264E9
 1.15433434E9
 1.15809933E9
 1.16115981E9
 1.16350016E9
 1.1650953E9
 1.16598554E9
 1.16623731E9
 1.16586214E9
 1.16485069E9
 1.16325325E9
 1.16105869E9
 1.15831731E9
 1.15523622E9
 1.15211648E9
 1.14924672E9
 1.14684378E9
 1.14504512E9
 1.14392563E9
 1.14344371E9
 1.14345882E9
 1.14386381E9
 1.14471501E9
 1.14623296E9
 1.14849062E9
 1.15128627E9
 1.1544384E9
 1.15776768E9
 1.16109376E9
 1.16420749E9
 1.1669673E9
 1.16936934E9
 1.17150349E9
 1.17325734E9
 1.17455578E9
 1.17554163E9
 1.17613338E9
 1.17629235E9
 1.17609382E9
 1.17558054E9
 1.17476851E9
 1.17380992E9
 1.1728864E9
 1.17194522E9
 1.17073882E9
 1.1691113E9
 1.16714253E9
 1.16500301E9
 1.1628937E9
 1.16098573E9
 1.15938394E9
 1.15824166E9
 1.15748557E9
 1.15677274E9
 1.15591232E9
 1.1549143E9
 1.15385485E9
 1.1525673E9
 1.15102976E9
 1.14939968E9
 1.14783974E9
 1.14641894E9
 1.14511744E9
 1.14390413E9
 1.14275238E9
 1.1416384E9
 1.14057549E9
 1.13957504E9
 1.13855142E9
 1.13738982E9
 1.13601293E9
 1.13433203E9
 1.13233984E9
 1.13012006E9
 1.12785114E9
 1.12572416E9
 1.12393216E9
 1.12249587E9
 1.12110208E9
 1.11971789E9
 1.11819418E9
 1.11658816E9
 1.11518285E9
 1.11413837E9
 1.11347366E9
 1.11324442E9
 1.11348275E9
 1.11414259E9
 1.11520026E9
 1.11652365E9
 1.1179616E9
 1.11943142E9
 1.12068608E9
 1.1214496E9
 1.12154918E9
 1.1209376E9
 1.11960666E9
 1.11760653E9
 1.11504832E9
 1.11200858E9
 1.10853862E9
 1.10481971E9
 1.10101926E9
 1.09720384E9
 1.09350016E9
 1.090032E9
 1.08695821E9
 1.0843287E9
 1.08206874E9
 1.08015475E9
 1.07862464E9
 1.07754509E9
 1.07694746E9
 1.07678528E9
 1.07698995E9
 1.07750656E9
 1.07852019E9
 1.08012429E9
 1.08169728E9
 1.08322048E9
 1.0848352E9
 1.08678579E9
 1.08906598E9
 1.09128307E9
 1.09333914E9
 1.09518195E9
 1.09676173E9
 1.09805914E9
 1.09908083E9
 1.09986086E9
 1.10041728E9
 1.10066739E9
 1.10051046E9
 1.09990861E9
 1.09893338E9
 1.09777894E9
 1.09669517E9
 1.09590208E9
 1.09551334E9
 1.09557299E9
 1.09600819E9
 1.09663872E9
 1.0972631E9
 1.09784602E9
 1.09856934E9
 1.09963085E9
 1.10088563E9
 1.10204595E9
 1.10312077E9
 1.10424781E9
 1.10539162E9
 1.10654912E9
 1.10775616E9
 1.10888077E9
 1.10973133E9
 1.11020634E9
 1.1103744E9
 1.11047539E9
 1.11055872E9
 1.11047731E9
 1.11015091E9
 1.10964288E9
 1.10912064E9
 1.10874867E9
 1.10867021E9
 1.10897331E9
 1.10964237E9
 1.11056166E9
 1.1116096E9
 1.1127145E9
 1.11387059E9
 1.115136E9
 1.1166519E9
 1.11829619E9
 1.11991872E9
 1.12155098E9
 1.12323635E9
 1.12496832E9
 1.12673178E9
 1.12856486E9
 1.13060544E9
 1.13306509E9
 1.13601792E9
 1.13923123E9
 1.14240499E9
 1.14542797E9
 1.14836646E9
 1.15138803E9
 1.15455949E9
 1.15773606E9
 1.16067354E9
 1.16316058E9
 1.16499136E9
 1.16595405E9
 1.16591462E9
 1.16480179E9
 1.16257382E9
 1.15922227E9
 1.15482022E9
 1.14948442E9
 1.14326707E9
 1.1362688E9
 1.12865984E9
 1.12066189E9
 1.11244198E9
 1.10410022E9
 1.09573952E9
 1.0874473E9
 1.07927578E9
 1.07130394E9
 1.06367501E9
 1.05663994E9
 1.05050682E9
 1.04528339E9
 1.04088269E9
 1.03761421E9
 1.03509171E9
 1.03318758E9
 1.0319079E9
 1.03119059E9
 1.03092915E9
 1.03102368E9
 1.03144358E9
 1.03218483E9
 1.03315514E9
 1.03421875E9
 1.03531923E9
 1.03646336E9
 1.03763802E9
 1.03889952E9
 1.04046598E9
 1.04271021E9
 1.04587578E9
 1.04999456E9
 1.05516826E9
 1.06138522E9
 1.06834118E9
 1.0756087E9
 1.08280205E9
 1.08969984E9
 1.09617856E9
 1.10219789E9
 1.10784973E9
 1.11324762E9
 1.11836352E9
 1.12320614E9
 1.12787725E9
 1.1325527E9
 1.1374505E9
 1.14257114E9
 1.14768499E9
 1.15271859E9
 1.15777651E9
 1.16299494E9
 1.1684073E9
 1.17384755E9
 1.17904845E9
 1.18381069E9
 1.18804198E9
 1.19179712E9
 1.1952073E9
 1.19807027E9
 1.20027866E9
 1.20184858E9
 1.20258074E9
 1.20247334E9
 1.20168371E9
 1.20037722E9
 1.19845786E9
 1.19575398E9
 1.19229926E9
 1.18828365E9
 1.18400589E9
 1.17925491E9
 1.17405402E9
 1.16870669E9
 1.16332045E9
 1.15809472E9
 1.15330726E9
 1.14895642E9
 1.14496563E9
 1.14132966E9
 1.13805414E9
 1.13515942E9
 1.13260992E9
 1.13031834E9
 1.12827584E9
 1.12660506E9
 1.12542259E9
 1.12473792E9
 1.12447053E9
 1.12447667E9
 1.12459494E9
 1.12475942E9
 1.12499661E9
 1.1254441E9
 1.12611955E9
 1.12687309E9
 1.12761037E9
 1.12814579E9
 1.12832307E9
 1.12815168E9
 1.12770022E9
 1.12708838E9
 1.12649523E9
 1.12602778E9
 1.12566989E9
 1.12545472E9
 1.1255319E9
 1.12592064E9
 1.12652096E9
 1.12732467E9
 1.12844442E9
 1.13007744E9
 1.13224909E9
 1.13486822E9
 1.13774605E9
 1.14063936E9
 1.14319168E9
 1.14500275E9
 1.14591245E9
 1.14596659E9
 1.1451328E9
 1.14326157E9
 1.14038298E9
 1.13678771E9
 1.1327264E9
 1.12837376E9
 1.12409869E9
 1.12004365E9
 1.11606234E9
 1.11207987E9
 1.10818406E9
 1.10449894E9
 1.10105331E9
 1.09780058E9
 1.09470502E9
 1.09181197E9
 1.08919603E9
 1.08688666E9
 1.08487821E9
 1.08319398E9
 1.08187302E9
 1.08090112E9
 1.0802167E9
 1.07983219E9
 1.07967373E9
 1.07967117E9
 1.07985165E9
 1.08013453E9
 1.08040768E9
 1.08085478E9
 1.08130202E9
 1.0816585E9
 1.08191322E9
 1.0821143E9
 1.08221363E9
 1.08210816E9
 1.08180915E9
 1.0815223E9
 1.08158413E9
 1.08225216E9
 1.0835017E9
 1.08504525E9
 1.08656026E9
 1.08783885E9
 1.08892019E9
 1.09005696E9
 1.09130662E9
 1.09292531E9
 1.09516826E9
 1.0980073E9
 1.10129344E9
 1.10476493E9
 1.10793152E9
 1.11052211E9
 1.11251763E9
 1.11403533E9
 1.1151785E9
 1.11595174E9
 1.11637286E9
 1.11648909E9
 1.11632205E9
 1.1158976E9
 1.11526515E9
 1.11437952E9
 1.11313946E9
 1.11155469E9
 1.10981338E9
 1.10819315E9
 1.10672704E9
 1.10517568E9
 1.10340992E9
 1.10144166E9
 1.09937446E9
 1.09740045E9
 1.09576218E9
 1.09478477E9
 1.09443456E9
 1.09458931E9
 1.09511334E9
 1.09569498E9
 1.09624755E9
 1.09678989E9
 1.09727974E9
 1.09763162E9
 1.09778765E9
 1.09778995E9
 1.09763904E9
 1.09739187E9
 1.09723251E9
 1.09735488E9
 1.09794022E9
 1.09924864E9
 1.10145523E9
 1.1044E9
 1.10778931E9
 1.11147405E9
 1.11537536E9
 1.11934003E9
 1.12323315E9
 1.12692659E9
 1.13026982E9
 1.13305574E9
 1.13503629E9
 1.13613619E9
 1.13649869E9
 1.13646618E9
 1.136288E9
 1.1359808E9
 1.13549389E9
 1.13461107E9
 1.13327334E9
 1.13180288E9
 1.13071488E9
 1.12973197E9
 1.12877747E9
 1.1279945E9
 1.12755955E9
 1.12770432E9
 1.12846554E9
 1.12959757E9
 1.13076557E9
 1.13167347E9
 1.13203584E9
 1.13170675E9
 1.13079117E9
 1.12947981E9
 1.12792461E9
 1.12619968E9
 1.12434304E9
 1.1224791E9
 1.12076621E9
 1.11929446E9
 1.11810714E9
 1.11727885E9
 1.11693619E9
 1.1171529E9
 1.11784307E9
 1.11889088E9
 1.12025472E9
 1.12193075E9
 1.12395584E9
 1.1264119E9
 1.12936205E9
 1.13278195E9
 1.13646182E9
 1.14010163E9
 1.14352256E9
 1.14668301E9
 1.14957581E9
 1.15229094E9
 1.15470349E9
 1.15656346E9
 1.15786598E9
 1.15870989E9
 1.15919462E9
 1.15931341E9
 1.15895603E9
 1.15809114E9
 1.15673894E9
 1.1549344E9
 1.15276928E9
 1.1504128E9
 1.1480489E9
 1.145696E9
 1.14322906E9
 1.14068147E9
 1.1382592E9
 1.13608384E9
 1.13413965E9
 1.13235264E9
 1.13069197E9
 1.1291529E9
 1.12780314E9
 1.12676275E9
 1.12613043E9
 1.12590592E9
 1.12597901E9
 1.12622579E9
 1.12660646E9
 1.12710771E9
 1.12768602E9
 1.12821747E9
 1.12863616E9
 1.12895706E9
 1.12922099E9
 1.12941888E9
 1.12941696E9
 1.12893824E9
 1.12780403E9
 1.12605146E9
 1.1238336E9
 1.12132826E9
 1.11873843E9
 1.11623616E9
 1.11381184E9
 1.11131213E9
 1.10866816E9
 1.10599757E9
 1.10350746E9
 1.10138842E9
 1.0997847E9
 1.09876224E9
 1.09820698E9
 1.09787341E9
 1.09758669E9
 1.09725427E9
 1.09681203E9
 1.09618291E9
 1.09528461E9
 1.09409984E9
 1.09259341E9
 1.09080115E9
 1.08883379E9
 1.08682982E9
 1.08491315E9
 1.08314112E9
 1.08152448E9
 1.08007667E9
 1.07886989E9
 1.07803366E9
 1.07769523E9
 1.07792525E9
 1.07871322E9
 1.07999258E9
 1.08167373E9
 1.08361933E9
 1.08585638E9
 1.08850816E9
 1.09147494E9
 1.09483648E9
 1.09870669E9
 1.103088E9
 1.10779725E9
 1.11255142E9
 1.11713242E9
 1.12135002E9
 1.1251351E9
 1.12866624E9
 1.13207693E9
 1.13508787E9
 1.13750016E9
 1.1391817E9
 1.14002586E9
 1.14001818E9
 1.13912346E9
 1.1373879E9
 1.13508595E9
 1.13259763E9
 1.12995213E9
 1.12726195E9
 1.12478477E9
 1.12274982E9
 1.12128806E9
 1.12046451E9
 1.12025984E9
 1.12054848E9
 1.12115891E9
 1.1219575E9
 1.12283507E9
 1.12393254E9
 1.12552333E9
 1.12769741E9
 1.13061005E9
 1.13440986E9
 1.13883866E9
 1.14346022E9
 1.14790336E9
 1.15193242E9
 1.15544883E9
 1.15851891E9
 1.16134682E9
 1.16409856E9
 1.16677478E9
 1.1692439E9
 1.1713824E9
 1.17315046E9
 1.17458688E9
 1.17571098E9
 1.17651494E9
 1.17697664E9
 1.1770807E9
 1.1768928E9
 1.17646848E9
 1.17563878E9
 1.17429914E9
 1.1724791E9
 1.1701888E9
 1.16748032E9
 1.16452045E9
 1.1615433E9
 1.15878886E9
 1.15639091E9
 1.15431309E9
 1.15238042E9
 1.15050624E9
 1.14880794E9
 1.14745344E9
 1.14653376E9
 1.14615795E9
 1.14650227E9
 1.14760614E9
 1.14933466E9
 1.15156634E9
 1.15421926E9
 1.15728934E9
 1.16069709E9
 1.16418061E9
 1.16749402E9
 1.17047526E9
 1.17290534E9
 1.17458317E9
 1.1753943E9
 1.1753993E9
 1.17479629E9
 1.17385754E9
 1.17286067E9
 1.1719191E9
 1.17102886E9
 1.17012646E9
 1.1692247E9
 1.16841664E9
 1.16780544E9
 1.16747482E9
 1.16746202E9
 1.16763379E9
 1.16780134E9
 1.16796134E9
 1.16827328E9
 1.16868416E9
 1.16891059E9
 1.16867341E9
 1.16782285E9
 1.16638272E9
 1.16455411E9
 1.16262502E9
 1.16088435E9
 1.15959846E9
 1.15897805E9
 1.15912819E9
 1.15984358E9
 1.16086963E9
 1.16208768E9
 1.16348096E9
 1.16504179E9
 1.16666227E9
 1.16801715E9
 1.16884531E9
 1.16914112E9
 1.16894118E9
 1.16827814E9
 1.16723622E9
 1.1658944E9
 1.16438106E9
 1.16289715E9
 1.16157734E9
 1.16048563E9
 1.15967424E9
 1.15910912E9
 1.15859418E9
 1.15795187E9
 1.15713651E9
 1.15615424E9
 1.15502093E9
 1.15379725E9
 1.15262477E9
 1.1516393E9
 1.15088077E9
 1.15029632E9
 1.14983437E9
 1.1493879E9
 1.14886182E9
 1.14825459E9
 1.14762624E9
 1.14700134E9
 1.14629184E9
 1.14534323E9
 1.14405952E9
 1.14244429E9
 1.14062758E9
 1.13872435E9
 1.13676966E9
 1.13482035E9
 1.13293299E9
 1.13111923E9
 1.12943629E9
 1.12798246E9
 1.12677568E9
 1.12577869E9
 1.12501248E9
 1.12451405E9
 1.12427942E9
 1.12429926E9
 1.12455821E9
 1.12494528E9
 1.12529754E9
 1.12560256E9
 1.12591347E9
 1.12628378E9
 1.12681536E9
 1.12757594E9
 1.12857626E9
 1.12975514E9
 1.13103142E9
 1.1323433E9
 1.1336713E9
 1.13506688E9
 1.13655232E9
 1.13811059E9
 1.13983142E9
 1.14189197E9
 1.14431206E9
 1.14702298E9
 1.14998003E9
 1.15310054E9
 1.15632627E9
 1.15969626E9
 1.16332147E9
 1.16721267E9
 1.17121254E9
 1.17525453E9
 1.17938957E9
 1.18371776E9
 1.18817638E9
 1.19255859E9
 1.1968169E9
 1.2008425E9
 1.20455974E9
 1.20797197E9
 1.21116198E9
 1.21425907E9
 1.21739226E9
 1.2205289E9
 1.22345805E9
 1.22598195E9
 1.228E9
 1.22948813E9
 1.23043136E9
 1.23073766E9
 1.23028198E9
 1.229008E9
 1.2270199E9
 1.22455834E9
 1.22187674E9
 1.21912896E9
 1.21632256E9
 1.21333338E9
 1.21003763E9
 1.20636032E9
 1.20237056E9
 1.19825165E9
 1.19414656E9
 1.19016026E9
 1.18633715E9
 1.18249075E9
 1.17857114E9
 1.17475891E9
 1.17118426E9
 1.16779264E9
 1.16448934E9
 1.16124582E9
 1.15811277E9
 1.15521587E9
 1.15254579E9
 1.15009715E9
 1.14803891E9
 1.14663117E9
 1.14588147E9
 1.1456343E9
 1.14578445E9
 1.14621094E9
 1.14679667E9
 1.1473536E9
 1.14767846E9
 1.14761728E9
 1.14711539E9
 1.14621517E9
 1.14498995E9
 1.14353779E9
 1.14198554E9
 1.14030912E9
 1.13847424E9
 1.13659085E9
 1.13486272E9
 1.13354291E9
 1.1328503E9
 1.13278746E9
 1.13328512E9
 1.1344631E9
 1.13605235E9
 1.1377655E9
 1.13947277E9
 1.14115853E9
 1.14283571E9
 1.14435661E9
 1.14558656E9
 1.14629466E9
 1.14650778E9
 1.14631347E9
 1.1457097E9
 1.14477696E9
 1.14367142E9
 1.14257958E9
 1.14176166E9
 1.14145011E9
 1.14167821E9
 1.14229773E9
 1.14315917E9
 1.1441367E9
 1.14507277E9
 1.14581094E9
 1.14626253E9
 1.14647872E9
 1.14656256E9
 1.1465696E9
 1.14653555E9
 1.14649818E9
 1.14644723E9
 1.14631002E9
 1.14602445E9
 1.14552384E9
 1.1447113E9
 1.14357875E9
 1.14223309E9
 1.14080896E9
 1.1394711E9
 1.13845517E9
 1.1380649E9
 1.1385769E9
 1.13998208E9
 1.14181875E9
 1.1436727E9
 1.14546099E9
 1.1475543E9
 1.14997824E9
 1.15218726E9
 1.15422464E9
 1.15625011E9
 1.15838912E9
 1.16087078E9
 1.16363533E9
 1.1665673E9
 1.16949299E9
 1.17223949E9
 1.17472435E9
 1.17694797E9
 1.17883021E9
 1.18024781E9
 1.18115635E9
 1.18164493E9
 1.18190131E9
 1.18194752E9
 1.18162739E9
 1.18095603E9
 1.18000269E9
 1.17878733E9
 1.17735962E9
 1.17569139E9
 1.17380646E9
 1.17181235E9
 1.16977011E9
 1.16769894E9
 1.1656489E9
 1.16372851E9
 1.16209613E9
 1.16081869E9
 1.15976371E9
 1.15886528E9
 1.15810355E9
 1.15745779E9
 1.157136E9
 1.1570656E9
 1.15706227E9
 1.1573481E9
 1.15810816E9
 1.15916595E9
 1.16034214E9
 1.1615351E9
 1.16263693E9
 1.16356454E9
 1.16421747E9
 1.16451802E9
 1.16446195E9
 1.16411584E9
 1.16369421E9
 1.16351718E9
 1.16388083E9
 1.16465574E9
 1.16536499E9
 1.16580032E9
 1.1658743E9
 1.16551949E9
 1.16474701E9
 1.16354573E9
 1.16191821E9
 1.15979482E9
 1.15707878E9
 1.15376269E9
 1.14996045E9
 1.14585088E9
 1.14168832E9
 1.13775258E9
 1.13395994E9
 1.13024538E9
 1.12662899E9
 1.12310477E9
 1.11965824E9
 1.11643187E9
 1.11363226E9
 1.11125606E9
 1.10937869E9
 1.10816192E9
 1.10759578E9
 1.10760269E9
 1.10821517E9
 1.10950541E9
 1.11121459E9
 1.1129303E9
 1.11448538E9
 1.1156951E9
 1.11641766E9
 1.11673101E9
 1.11687859E9
 1.11706458E9
 1.11727846E9
 1.117504E9
 1.1177536E9
 1.11801267E9
 1.11836531E9
 1.11902643E9
 1.11999322E9
 1.1210281E9
 1.12200026E9
 1.12305101E9
 1.12437734E9
 1.12608768E9
 1.12832077E9
 1.13138854E9
 1.13514125E9
 1.1389847E9
 1.14261683E9
 1.14606579E9
 1.1493312E9
 1.15229133E9
 1.15504781E9
 1.15781517E9
 1.16070246E9
 1.1636265E9
 1.16637235E9
 1.16879142E9
 1.17084122E9
 1.1724407E9
 1.17341158E9
 1.17367206E9
 1.17332582E9
 1.17259469E9
 1.17173299E9
 1.17094323E9
 1.17033933E9
 1.169968E9
 1.16974259E9
 1.16946125E9
 1.16900416E9
 1.16836518E9
 1.16757594E9
 1.16670502E9
 1.16578394E9
 1.16474739E9
 1.1634153E9
 1.16168768E9
 1.15964378E9
 1.15747558E9
 1.15541734E9
 1.1536841E9
 1.15238106E9
 1.15154829E9
 1.15128358E9
 1.15170598E9
 1.152768E9
 1.15430579E9
 1.15619738E9
 1.1583881E9
 1.16084352E9
 1.16340659E9
 1.16579597E9
 1.16795328E9
 1.16982131E9
 1.17110131E9
 1.17192397E9
 1.17270976E9
 1.17385254E9
 1.17534618E9
 1.17717709E9
 1.1793911E9
 1.18192614E9
 1.18477875E9
 1.18774182E9
 1.19052992E9
 1.19317299E9
 1.19588314E9
 1.19885926E9
 1.2021737E9
 1.20574067E9
 1.20940659E9
 1.2129056E9
 1.21593331E9
 1.21831731E9
 1.22001152E9
 1.22108429E9
 1.22169254E9
 1.22197722E9
 1.22202394E9
 1.22195981E9
 1.22192192E9
 1.22199629E9
 1.2221673E9
 1.22241843E9
 1.2228096E9
 1.22334387E9
 1.22373018E9
 1.22394675E9
 1.22428288E9
 1.22489357E9
 1.22570035E9
 1.22653363E9
 1.22724352E9
 1.22779213E9
 1.22823142E9
 1.22854707E9
 1.22868723E9
 1.22874445E9
 1.22892723E9
 1.22950771E9
 1.23081498E9
 1.23310106E9
 1.2362441E9
 1.23980582E9
 1.24343066E9
 1.24694029E9
 1.25016589E9
 1.25289971E9
 1.25494566E9
 1.25613005E9
 1.25642918E9
 1.25599142E9
 1.25507635E9
 1.25398093E9
 1.2529111E9
 1.25183872E9
 1.2507401E9
 1.2496471E9
 1.24857165E9
 1.2474231E9
 1.24602304E9
 1.24419187E9
 1.24173453E9
 1.2385097E9
 1.23456026E9
 1.23006234E9
 1.22524019E9
 1.22034394E9
 1.21549914E9
 1.21082534E9
 1.20629683E9
 1.2018295E9
 1.19757274E9
 1.19366835E9
 1.19020838E9
 1.18733658E9
 1.18525926E9
 1.18422874E9
 1.18433357E9
 1.18531443E9
 1.1867712E9
 1.18836237E9
 1.18983693E9
 1.19100173E9
 1.19174323E9
 1.1920617E9
 1.19206502E9
 1.1919351E9
 1.1918889E9
 1.19215194E9
 1.19284186E9
 1.19393536E9
 1.19528602E9
 1.19681229E9
 1.19854669E9
 1.20052813E9
 1.20275392E9
 1.20509862E9
 1.20746867E9
 1.209904E9
 1.21231987E9
 1.21466176E9
 1.21685952E9
 1.21884147E9
 1.22051174E9
 1.22148275E9
 1.22176294E9
 1.22158784E9
 1.22095821E9
 1.21983757E9
 1.21832986E9
 1.21661798E9
 1.21491277E9
 1.21338854E9
 1.21218138E9
 1.21136883E9
 1.21095565E9
 1.21077158E9
 1.21055078E9
 1.21008845E9
 1.20929651E9
 1.20817126E9
 1.20672499E9
 1.20499392E9
 1.2031159E9
 1.20137869E9
 1.1999959E9
 1.19883174E9
 1.19778701E9
 1.19699814E9
 1.19625408E9
 1.19512934E9
 1.19354765E9
 1.19178829E9
 1.19032755E9
 1.18963136E9
 1.18931456E9
 1.1889897E9
 1.18857984E9
 1.18814848E9
 1.18780288E9
 1.18778394E9
 1.18821478E9
 1.18884928E9
 1.18948992E9
 1.19009587E9
 1.19072384E9
 1.19149824E9
 1.19256205E9
 1.19414899E9
 1.1961792E9
 1.1982775E9
 1.20033536E9
 1.20225485E9
 1.20394125E9
 1.2052503E9
 1.20614234E9
 1.20667264E9
 1.2069056E9
 1.20690278E9
 1.20671846E9
 1.20638118E9
 1.20589658E9
 1.2052416E9
 1.20438694E9
 1.20334029E9
 1.20215488E9
 1.20089229E9
 1.19955187E9
 1.19803853E9
 1.1962999E9
 1.19427891E9
 1.19194214E9
 1.18976166E9
 1.18747264E9
 1.18505818E9
 1.18266547E9
 1.18026202E9
 1.17787827E9
 1.17564288E9
 1.17372058E9
 1.17226317E9
 1.17131021E9
 1.1708128E9
 1.17080486E9
 1.17139162E9
 1.17264691E9
 1.1744745E9
 1.17658509E9
 1.17863821E9
 1.18035866E9
 1.18166259E9
 1.18263053E9
 1.18332595E9
 1.18371981E9
 1.18374477E9
 1.18341811E9
 1.18295066E9
 1.18233536E9
 1.18137229E9
 1.17980826E9
 1.17756915E9
 1.17486694E9
 1.17199386E9
 1.16919437E9
 1.16660723E9
 1.16430976E9
 1.16238067E9
 1.16089267E9
 1.15998758E9
 1.15981133E9
 1.16037978E9
 1.16167629E9
 1.16361037E9
 1.16596966E9
 1.16849216E9
 1.17098778E9
 1.17337229E9
 1.17555136E9
 1.17750899E9
 1.17926387E9
 1.18081306E9
 1.18214592E9
 1.18324429E9
 1.18406925E9
 1.18459622E9
 1.18487398E9
 1.18494669E9
 1.18482035E9
 1.18457011E9
 1.18435405E9
 1.1844567E9
 1.18492954E9
 1.18572518E9
 1.1869097E9
 1.18848755E9
 1.19044352E9
 1.19283098E9
 1.19578022E9
 1.19942989E9
 1.20369408E9
 1.20793792E9
 1.21160678E9
 1.21446272E9]
